<?xml version="1.0" encoding="utf-8"?>
<COLLADA xmlns="http://www.collada.org/2005/11/COLLADASchema" version="1.4.1">
  <asset><contributor><author>Mixamo</author><authoring_tool>COLLADA Mixamo exporter</authoring_tool><comments></comments></contributor><created>2018-10-06T11:35:03Z</created><modified>2018-10-06T11:35:03Z</modified><revision></revision><title></title><unit meter="0.010000"/><up_axis>Y_UP</up_axis></asset>
  <library_animations>
    <animation id="mixamorig_Hips-anim" name="mixamorig_Hips"><source id="mixamorig_Hips-Matrix-animation-input"><float_array id="mixamorig_Hips-Matrix-animation-input-array" count="9">

0.000000 0.033333 0.066667 0.100000 0.133333 0.166667 0.200000 0.233333 0.266667</float_array><technique_common><accessor source="#mixamorig_Hips-Matrix-animation-input-array" count="9"><param name="TIME" type="float"/></accessor></technique_common></source><source id="mixamorig_Hips-Matrix-animation-output-transform"><float_array id="mixamorig_Hips-Matrix-animation-output-transform-array" count="144">

0.766470 0.122849 -0.630422 -0.386530 0.029878 0.973655 0.226059 101.265816 0.641585 -0.192103 0.742607 0.456575 0.000000 0.000000 0.000000 1.000000
0.763453 0.124224 -0.633805 -0.451663 0.031456 0.973012 0.228599 101.245377 0.645097 -0.194462 0.738941 0.506814 0.000000 0.000000 0.000000 1.000000
0.762584 0.126237 -0.634453 -0.614780 0.037078 0.970633 0.237692 101.272064 0.645826 -0.204784 0.735508 0.358532 0.000000 0.000000 0.000000 1.000000
0.766683 0.127148 -0.629310 -0.748323 0.041141 0.968450 0.245790 101.295135 0.640707 -0.214333 0.737263 -0.000113 0.000000 0.000000 0.000000 1.000000
0.773190 0.126475 -0.621434 -0.756384 0.039812 0.968298 0.246604 101.278938 0.632923 -0.215412 0.743644 -0.340200 0.000000 0.000000 0.000000 1.000000
0.776141 0.125019 -0.618042 -0.651018 0.035113 0.970058 0.240322 101.248222 0.629581 -0.208225 0.748512 -0.362918 0.000000 0.000000 0.000000 1.000000
0.773388 0.123832 -0.621721 -0.517343 0.031164 0.972123 0.232390 101.241631 0.633167 -0.199103 0.747969 -0.060721 0.000000 0.000000 0.000000 1.000000
0.768508 0.123200 -0.627867 -0.421921 0.029637 0.973380 0.227272 101.256287 0.639153 -0.193268 0.744399 0.300497 0.000000 0.000000 0.000000 1.000000
0.766470 0.122849 -0.630422 -0.386017 0.029878 0.973655 0.226059 101.265808 0.641585 -0.192103 0.742607 0.457012 0.000000 0.000000 0.000000 1.000000</float_array><technique_common><accessor source="#mixamorig_Hips-Matrix-animation-output-transform-array" count="9" stride="16"><param type="float4x4"/></accessor></technique_common></source><source id="mixamorig_Hips-Interpolations"><Name_array id="mixamorig_Hips-Interpolations-array" count="9">
 LINEAR LINEAR LINEAR LINEAR LINEAR LINEAR LINEAR LINEAR LINEAR</Name_array><technique_common><accessor source="#mixamorig_Hips-Interpolations-array" count="9"><param type="name"/></accessor></technique_common></source><sampler id="mixamorig_Hips-Matrix-animation-transform"><input semantic="INPUT" source="#mixamorig_Hips-Matrix-animation-input"/><input semantic="OUTPUT" source="#mixamorig_Hips-Matrix-animation-output-transform"/><input semantic="INTERPOLATION" source="#mixamorig_Hips-Interpolations"/></sampler><channel source="#mixamorig_Hips-Matrix-animation-transform" target="mixamorig_Hips/matrix"/></animation>
    <animation id="mixamorig_Spine-anim" name="mixamorig_Spine"><source id="mixamorig_Spine-Matrix-animation-input"><float_array id="mixamorig_Spine-Matrix-animation-input-array" count="9">

0.000000 0.033333 0.066667 0.100000 0.133333 0.166667 0.200000 0.233333 0.266667</float_array><technique_common><accessor source="#mixamorig_Spine-Matrix-animation-input-array" count="9"><param name="TIME" type="float"/></accessor></technique_common></source><source id="mixamorig_Spine-Matrix-animation-output-transform"><float_array id="mixamorig_Spine-Matrix-animation-output-transform-array" count="144">

0.999968 0.007949 0.000097 -0.038100 -0.007858 0.990247 -0.139099 9.490500 -0.001202 0.139094 0.990278 -1.392100 0.000000 0.000000 0.000000 1.000000
0.999981 0.005566 -0.002574 -0.038100 -0.005867 0.990487 -0.137478 9.490500 0.001785 0.137491 0.990501 -1.392100 0.000000 0.000000 0.000000 1.000000
0.999979 0.003330 -0.005607 -0.038100 -0.004061 0.990713 -0.135912 9.490500 0.005102 0.135932 0.990705 -1.392100 0.000000 0.000000 0.000000 1.000000
0.999974 0.001589 -0.007033 -0.038100 -0.002529 0.990744 -0.135723 9.490500 0.006752 0.135737 0.990722 -1.392100 0.000000 0.000000 0.000000 1.000000
0.999982 0.000557 -0.006026 -0.038100 -0.001376 0.990593 -0.136835 9.490500 0.005893 0.136841 0.990576 -1.392100 0.000000 0.000000 0.000000 1.000000
0.999992 0.001149 -0.003818 -0.038100 -0.001665 0.990416 -0.138104 9.490500 0.003623 0.138109 0.990410 -1.392100 0.000000 0.000000 0.000000 1.000000
0.999992 0.003580 -0.001791 -0.038100 -0.003794 0.990315 -0.138784 9.490500 0.001277 0.138789 0.990321 -1.392100 0.000000 0.000000 0.000000 1.000000
0.999979 0.006451 -0.000492 -0.038100 -0.006457 0.990275 -0.138974 9.490500 -0.000409 0.138974 0.990296 -1.392100 0.000000 0.000000 0.000000 1.000000
0.999968 0.007948 0.000097 -0.038100 -0.007858 0.990247 -0.139100 9.490500 -0.001202 0.139094 0.990278 -1.392100 0.000000 0.000000 0.000000 1.000000</float_array><technique_common><accessor source="#mixamorig_Spine-Matrix-animation-output-transform-array" count="9" stride="16"><param type="float4x4"/></accessor></technique_common></source><source id="mixamorig_Spine-Interpolations"><Name_array id="mixamorig_Spine-Interpolations-array" count="9">
 LINEAR LINEAR LINEAR LINEAR LINEAR LINEAR LINEAR LINEAR LINEAR</Name_array><technique_common><accessor source="#mixamorig_Spine-Interpolations-array" count="9"><param type="name"/></accessor></technique_common></source><sampler id="mixamorig_Spine-Matrix-animation-transform"><input semantic="INPUT" source="#mixamorig_Spine-Matrix-animation-input"/><input semantic="OUTPUT" source="#mixamorig_Spine-Matrix-animation-output-transform"/><input semantic="INTERPOLATION" source="#mixamorig_Spine-Interpolations"/></sampler><channel source="#mixamorig_Spine-Matrix-animation-transform" target="mixamorig_Spine/matrix"/></animation>
    <animation id="mixamorig_Spine1-anim" name="mixamorig_Spine1"><source id="mixamorig_Spine1-Matrix-animation-input"><float_array id="mixamorig_Spine1-Matrix-animation-input-array" count="9">

0.000000 0.033333 0.066667 0.100000 0.133333 0.166667 0.200000 0.233333 0.266667</float_array><technique_common><accessor source="#mixamorig_Spine1-Matrix-animation-input-array" count="9"><param name="TIME" type="float"/></accessor></technique_common></source><source id="mixamorig_Spine1-Matrix-animation-output-transform"><float_array id="mixamorig_Spine1-Matrix-animation-output-transform-array" count="144">

0.999913 0.013020 -0.002191 -0.044200 -0.013108 0.959158 -0.282566 11.072300 -0.001578 0.282570 0.959245 -1.624100 0.000000 0.000000 0.000000 1.000000
0.999925 0.011938 -0.002588 -0.044200 -0.012184 0.959463 -0.281572 11.072300 -0.000878 0.281583 0.959537 -1.624100 0.000000 0.000000 0.000000 1.000000
0.999937 0.010824 -0.003119 -0.044200 -0.011264 0.959679 -0.280871 11.072300 -0.000047 0.280889 0.959740 -1.624100 0.000000 0.000000 0.000000 1.000000
0.999943 0.010174 -0.003286 -0.044200 -0.010688 0.959679 -0.280895 11.072300 0.000296 0.280914 0.959733 -1.624100 0.000000 0.000000 0.000000 1.000000
0.999943 0.010299 -0.002975 -0.044200 -0.010720 0.959508 -0.281477 11.072300 -0.000045 0.281493 0.959563 -1.624100 0.000000 0.000000 0.000000 1.000000
0.999936 0.011061 -0.002522 -0.044200 -0.011323 0.959335 -0.282044 11.072300 -0.000701 0.282055 0.959398 -1.624100 0.000000 0.000000 0.000000 1.000000
0.999925 0.012027 -0.002253 -0.044200 -0.012174 0.959233 -0.282354 11.072300 -0.001235 0.282360 0.959308 -1.624100 0.000000 0.000000 0.000000 1.000000
0.999916 0.012754 -0.002192 -0.044200 -0.012854 0.959184 -0.282492 11.072300 -0.001500 0.282496 0.959267 -1.624100 0.000000 0.000000 0.000000 1.000000
0.999913 0.013020 -0.002191 -0.044200 -0.013108 0.959158 -0.282566 11.072300 -0.001578 0.282570 0.959245 -1.624100 0.000000 0.000000 0.000000 1.000000</float_array><technique_common><accessor source="#mixamorig_Spine1-Matrix-animation-output-transform-array" count="9" stride="16"><param type="float4x4"/></accessor></technique_common></source><source id="mixamorig_Spine1-Interpolations"><Name_array id="mixamorig_Spine1-Interpolations-array" count="9">
 LINEAR LINEAR LINEAR LINEAR LINEAR LINEAR LINEAR LINEAR LINEAR</Name_array><technique_common><accessor source="#mixamorig_Spine1-Interpolations-array" count="9"><param type="name"/></accessor></technique_common></source><sampler id="mixamorig_Spine1-Matrix-animation-transform"><input semantic="INPUT" source="#mixamorig_Spine1-Matrix-animation-input"/><input semantic="OUTPUT" source="#mixamorig_Spine1-Matrix-animation-output-transform"/><input semantic="INTERPOLATION" source="#mixamorig_Spine1-Interpolations"/></sampler><channel source="#mixamorig_Spine1-Matrix-animation-transform" target="mixamorig_Spine1/matrix"/></animation>
    <animation id="mixamorig_Spine2-anim" name="mixamorig_Spine2"><source id="mixamorig_Spine2-Matrix-animation-input"><float_array id="mixamorig_Spine2-Matrix-animation-input-array" count="9">

0.000000 0.033333 0.066667 0.100000 0.133333 0.166667 0.200000 0.233333 0.266667</float_array><technique_common><accessor source="#mixamorig_Spine2-Matrix-animation-input-array" count="9"><param name="TIME" type="float"/></accessor></technique_common></source><source id="mixamorig_Spine2-Matrix-animation-output-transform"><float_array id="mixamorig_Spine2-Matrix-animation-output-transform-array" count="144">

0.999915 0.012585 -0.003367 -0.050500 -0.013023 0.959159 -0.282566 12.654000 -0.000327 0.282586 0.959242 -1.856100 0.000000 0.000000 0.000000 1.000000
0.999927 0.011537 -0.003701 -0.050500 -0.012112 0.959462 -0.281576 12.654000 0.000303 0.281600 0.959532 -1.856100 0.000000 0.000000 0.000000 1.000000
0.999937 0.010425 -0.004199 -0.050500 -0.011185 0.959678 -0.280880 12.654000 0.001101 0.280909 0.959734 -1.856100 0.000000 0.000000 0.000000 1.000000
0.999943 0.009771 -0.004383 -0.050500 -0.010608 0.959676 -0.280909 12.654000 0.001462 0.280940 0.959724 -1.856100 0.000000 0.000000 0.000000 1.000000
0.999943 0.009888 -0.004089 -0.050500 -0.010639 0.959503 -0.281497 12.654000 0.001140 0.281525 0.959553 -1.856100 0.000000 0.000000 0.000000 1.000000
0.999937 0.010646 -0.003646 -0.050500 -0.011243 0.959328 -0.282068 12.654000 0.000495 0.282091 0.959387 -1.856100 0.000000 0.000000 0.000000 1.000000
0.999927 0.011612 -0.003390 -0.050500 -0.012097 0.959229 -0.282371 12.654000 -0.000027 0.282391 0.959299 -1.856100 0.000000 0.000000 0.000000 1.000000
0.999918 0.012335 -0.003350 -0.050500 -0.012779 0.959183 -0.282496 12.654000 -0.000272 0.282516 0.959262 -1.856100 0.000000 0.000000 0.000000 1.000000
0.999915 0.012585 -0.003367 -0.050500 -0.013023 0.959159 -0.282566 12.654000 -0.000327 0.282586 0.959242 -1.856100 0.000000 0.000000 0.000000 1.000000</float_array><technique_common><accessor source="#mixamorig_Spine2-Matrix-animation-output-transform-array" count="9" stride="16"><param type="float4x4"/></accessor></technique_common></source><source id="mixamorig_Spine2-Interpolations"><Name_array id="mixamorig_Spine2-Interpolations-array" count="9">
 LINEAR LINEAR LINEAR LINEAR LINEAR LINEAR LINEAR LINEAR LINEAR</Name_array><technique_common><accessor source="#mixamorig_Spine2-Interpolations-array" count="9"><param type="name"/></accessor></technique_common></source><sampler id="mixamorig_Spine2-Matrix-animation-transform"><input semantic="INPUT" source="#mixamorig_Spine2-Matrix-animation-input"/><input semantic="OUTPUT" source="#mixamorig_Spine2-Matrix-animation-output-transform"/><input semantic="INTERPOLATION" source="#mixamorig_Spine2-Interpolations"/></sampler><channel source="#mixamorig_Spine2-Matrix-animation-transform" target="mixamorig_Spine2/matrix"/></animation>
    <animation id="mixamorig_Neck-anim" name="mixamorig_Neck"><source id="mixamorig_Neck-Matrix-animation-input"><float_array id="mixamorig_Neck-Matrix-animation-input-array" count="9">

0.000000 0.033333 0.066667 0.100000 0.133333 0.166667 0.200000 0.233333 0.266667</float_array><technique_common><accessor source="#mixamorig_Neck-Matrix-animation-input-array" count="9"><param name="TIME" type="float"/></accessor></technique_common></source><source id="mixamorig_Neck-Matrix-animation-output-transform"><float_array id="mixamorig_Neck-Matrix-animation-output-transform-array" count="144">

0.991382 -0.014493 0.130197 -0.056900 0.015452 0.999860 -0.006358 14.235800 -0.130086 0.008315 0.991468 -2.088100 0.000000 0.000000 0.000000 1.000000
0.990846 -0.008960 0.134702 -0.056900 0.009625 0.999944 -0.004291 14.235800 -0.134656 0.005548 0.990877 -2.088100 0.000000 0.000000 0.000000 1.000000
0.990843 -0.008927 0.134721 -0.056900 0.008299 0.999952 0.005223 14.235800 -0.134761 -0.004057 0.990870 -2.088100 0.000000 0.000000 0.000000 1.000000
0.991274 -0.012992 0.131179 -0.056900 0.011556 0.999865 0.011702 14.235800 -0.131314 -0.010084 0.991290 -2.088100 0.000000 0.000000 0.000000 1.000000
0.991669 -0.016594 0.127740 -0.056900 0.015581 0.999839 0.008931 14.235800 -0.127868 -0.006867 0.991767 -2.088100 0.000000 0.000000 0.000000 1.000000
0.991748 -0.017063 0.127062 -0.056900 0.017115 0.999853 0.000678 14.235800 -0.127055 0.001502 0.991895 -2.088100 0.000000 0.000000 0.000000 1.000000
0.991589 -0.015563 0.128491 -0.056900 0.016427 0.999849 -0.005673 14.235800 -0.128383 0.007736 0.991694 -2.088100 0.000000 0.000000 0.000000 1.000000
0.991413 -0.014342 0.129977 -0.056900 0.015432 0.999854 -0.007383 14.235800 -0.129852 0.009326 0.991490 -2.088100 0.000000 0.000000 0.000000 1.000000
0.991382 -0.014493 0.130197 -0.056900 0.015452 0.999860 -0.006358 14.235800 -0.130086 0.008315 0.991468 -2.088100 0.000000 0.000000 0.000000 1.000000</float_array><technique_common><accessor source="#mixamorig_Neck-Matrix-animation-output-transform-array" count="9" stride="16"><param type="float4x4"/></accessor></technique_common></source><source id="mixamorig_Neck-Interpolations"><Name_array id="mixamorig_Neck-Interpolations-array" count="9">
 LINEAR LINEAR LINEAR LINEAR LINEAR LINEAR LINEAR LINEAR LINEAR</Name_array><technique_common><accessor source="#mixamorig_Neck-Interpolations-array" count="9"><param type="name"/></accessor></technique_common></source><sampler id="mixamorig_Neck-Matrix-animation-transform"><input semantic="INPUT" source="#mixamorig_Neck-Matrix-animation-input"/><input semantic="OUTPUT" source="#mixamorig_Neck-Matrix-animation-output-transform"/><input semantic="INTERPOLATION" source="#mixamorig_Neck-Interpolations"/></sampler><channel source="#mixamorig_Neck-Matrix-animation-transform" target="mixamorig_Neck/matrix"/></animation>
    <animation id="mixamorig_Head-anim" name="mixamorig_Head"><source id="mixamorig_Head-Matrix-animation-input"><float_array id="mixamorig_Head-Matrix-animation-input-array" count="9">

0.000000 0.033333 0.066667 0.100000 0.133333 0.166667 0.200000 0.233333 0.266667</float_array><technique_common><accessor source="#mixamorig_Head-Matrix-animation-input-array" count="9"><param name="TIME" type="float"/></accessor></technique_common></source><source id="mixamorig_Head-Matrix-animation-output-transform"><float_array id="mixamorig_Head-Matrix-animation-output-transform-array" count="144">

0.909869 -0.191457 0.368080 0.000000 0.160602 0.980527 0.113026 3.280200 -0.382552 -0.043724 0.922899 0.313300 0.000000 0.000000 0.000000 1.000000
0.906881 -0.188926 0.376663 0.000000 0.162454 0.981516 0.101170 3.280200 -0.388814 -0.030559 0.920809 0.313300 0.000000 0.000000 0.000000 1.000000
0.907241 -0.183978 0.378239 0.000000 0.164649 0.982842 0.083137 3.280200 -0.387045 -0.013149 0.921967 0.313300 0.000000 0.000000 0.000000 1.000000
0.910013 -0.182595 0.372204 0.000000 0.165590 0.983148 0.077456 3.280200 -0.380075 -0.008853 0.924913 0.313300 0.000000 0.000000 0.000000 1.000000
0.912579 -0.187410 0.363424 0.000000 0.166223 0.982061 0.089034 3.280200 -0.373590 -0.020841 0.927360 0.313300 0.000000 0.000000 0.000000 1.000000
0.913071 -0.192785 0.359354 -0.000000 0.165665 0.980564 0.105116 3.280200 -0.372634 -0.036445 0.927262 0.313300 0.000000 0.000000 0.000000 1.000000
0.911857 -0.194471 0.361520 -0.000000 0.163866 0.979897 0.113795 3.280200 -0.376383 -0.044523 0.925394 0.313300 0.000000 0.000000 0.000000 1.000000
0.910395 -0.193049 0.365942 -0.000000 0.161830 0.980157 0.114469 3.280200 -0.380778 -0.044991 0.923571 0.313300 0.000000 0.000000 0.000000 1.000000
0.909869 -0.191457 0.368080 0.000000 0.160601 0.980527 0.113026 3.280200 -0.382552 -0.043724 0.922899 0.313300 0.000000 0.000000 0.000000 1.000000</float_array><technique_common><accessor source="#mixamorig_Head-Matrix-animation-output-transform-array" count="9" stride="16"><param type="float4x4"/></accessor></technique_common></source><source id="mixamorig_Head-Interpolations"><Name_array id="mixamorig_Head-Interpolations-array" count="9">
 LINEAR LINEAR LINEAR LINEAR LINEAR LINEAR LINEAR LINEAR LINEAR</Name_array><technique_common><accessor source="#mixamorig_Head-Interpolations-array" count="9"><param type="name"/></accessor></technique_common></source><sampler id="mixamorig_Head-Matrix-animation-transform"><input semantic="INPUT" source="#mixamorig_Head-Matrix-animation-input"/><input semantic="OUTPUT" source="#mixamorig_Head-Matrix-animation-output-transform"/><input semantic="INTERPOLATION" source="#mixamorig_Head-Interpolations"/></sampler><channel source="#mixamorig_Head-Matrix-animation-transform" target="mixamorig_Head/matrix"/></animation>
    <animation id="mixamorig_LeftShoulder-anim" name="mixamorig_LeftShoulder"><source id="mixamorig_LeftShoulder-Matrix-animation-input"><float_array id="mixamorig_LeftShoulder-Matrix-animation-input-array" count="9">

0.000000 0.033333 0.066667 0.100000 0.133333 0.166667 0.200000 0.233333 0.266667</float_array><technique_common><accessor source="#mixamorig_LeftShoulder-Matrix-animation-input-array" count="9"><param name="TIME" type="float"/></accessor></technique_common></source><source id="mixamorig_LeftShoulder-Matrix-animation-output-transform"><float_array id="mixamorig_LeftShoulder-Matrix-animation-output-transform-array" count="144">

0.996102 -0.026708 -0.084070 6.728800 0.072486 0.790939 0.607587 11.756600 0.050267 -0.611312 0.789792 -2.058500 0.000000 0.000000 0.000000 1.000000
0.996244 -0.031853 -0.080520 6.728800 0.074387 0.790808 0.607528 11.756600 0.044324 -0.611235 0.790207 -2.058500 0.000000 0.000000 0.000000 1.000000
0.996557 -0.032316 -0.076349 6.728800 0.072204 0.790871 0.607708 11.756600 0.040744 -0.611129 0.790482 -2.058500 0.000000 0.000000 0.000000 1.000000
0.996494 -0.031048 -0.077694 6.728800 0.072026 0.790851 0.607756 11.756600 0.042575 -0.611221 0.790314 -2.058500 0.000000 0.000000 0.000000 1.000000
0.996107 -0.028709 -0.083350 6.728800 0.073637 0.790785 0.607648 11.756600 0.048466 -0.611420 0.789820 -2.058500 0.000000 0.000000 0.000000 1.000000
0.995839 -0.026188 -0.087285 6.728800 0.074047 0.790840 0.607526 11.756600 0.053118 -0.611462 0.789489 -2.058500 0.000000 0.000000 0.000000 1.000000
0.995919 -0.024931 -0.086735 6.728800 0.072710 0.790970 0.607519 11.756600 0.053459 -0.611346 0.789555 -2.058500 0.000000 0.000000 0.000000 1.000000
0.996105 -0.025474 -0.084415 6.728800 0.071718 0.791022 0.607570 11.756600 0.051297 -0.611257 0.789768 -2.058500 0.000000 0.000000 0.000000 1.000000
0.996102 -0.026708 -0.084069 6.728800 0.072486 0.790939 0.607587 11.756600 0.050266 -0.611312 0.789792 -2.058500 0.000000 0.000000 0.000000 1.000000</float_array><technique_common><accessor source="#mixamorig_LeftShoulder-Matrix-animation-output-transform-array" count="9" stride="16"><param type="float4x4"/></accessor></technique_common></source><source id="mixamorig_LeftShoulder-Interpolations"><Name_array id="mixamorig_LeftShoulder-Interpolations-array" count="9">
 LINEAR LINEAR LINEAR LINEAR LINEAR LINEAR LINEAR LINEAR LINEAR</Name_array><technique_common><accessor source="#mixamorig_LeftShoulder-Interpolations-array" count="9"><param type="name"/></accessor></technique_common></source><sampler id="mixamorig_LeftShoulder-Matrix-animation-transform"><input semantic="INPUT" source="#mixamorig_LeftShoulder-Matrix-animation-input"/><input semantic="OUTPUT" source="#mixamorig_LeftShoulder-Matrix-animation-output-transform"/><input semantic="INTERPOLATION" source="#mixamorig_LeftShoulder-Interpolations"/></sampler><channel source="#mixamorig_LeftShoulder-Matrix-animation-transform" target="mixamorig_LeftShoulder/matrix"/></animation>
    <animation id="mixamorig_LeftArm-anim" name="mixamorig_LeftArm"><source id="mixamorig_LeftArm-Matrix-animation-input"><float_array id="mixamorig_LeftArm-Matrix-animation-input-array" count="9">

0.000000 0.033333 0.066667 0.100000 0.133333 0.166667 0.200000 0.233333 0.266667</float_array><technique_common><accessor source="#mixamorig_LeftArm-Matrix-animation-input-array" count="9"><param name="TIME" type="float"/></accessor></technique_common></source><source id="mixamorig_LeftArm-Matrix-animation-output-transform"><float_array id="mixamorig_LeftArm-Matrix-animation-output-transform-array" count="144">

0.470969 0.873637 -0.122254 14.094700 -0.619330 0.426151 0.659413 -3.178700 0.628186 -0.234848 0.741774 0.059300 0.000000 0.000000 0.000000 1.000000
0.452866 0.887901 -0.080899 14.094700 -0.658094 0.394108 0.641554 -3.178700 0.601519 -0.237298 0.762800 0.059300 0.000000 0.000000 0.000000 1.000000
0.430289 0.901848 -0.039008 14.094700 -0.692015 0.357305 0.627254 -3.178700 0.579626 -0.242906 0.777837 0.059300 0.000000 0.000000 0.000000 1.000000
0.419978 0.907146 -0.026535 14.094700 -0.698615 0.341821 0.628567 -3.178700 0.579272 -0.245446 0.777303 0.059300 0.000000 0.000000 0.000000 1.000000
0.428590 0.902001 -0.051999 14.094700 -0.674294 0.357639 0.646082 -3.178700 0.601363 -0.241842 0.761495 0.059300 0.000000 0.000000 0.000000 1.000000
0.446266 0.890284 -0.090778 14.094700 -0.641713 0.389059 0.660937 -3.178700 0.623740 -0.236700 0.744931 0.059300 0.000000 0.000000 0.000000 1.000000
0.461906 0.879213 -0.116738 14.094700 -0.622405 0.415093 0.663558 -3.178700 0.631866 -0.233844 0.738961 0.059300 0.000000 0.000000 0.000000 1.000000
0.470138 0.873808 -0.124218 14.094700 -0.618313 0.426516 0.660131 -3.178700 0.629809 -0.233548 0.740808 0.059300 0.000000 0.000000 0.000000 1.000000
0.470969 0.873637 -0.122254 14.094700 -0.619330 0.426151 0.659413 -3.178700 0.628186 -0.234848 0.741774 0.059300 0.000000 0.000000 0.000000 1.000000</float_array><technique_common><accessor source="#mixamorig_LeftArm-Matrix-animation-output-transform-array" count="9" stride="16"><param type="float4x4"/></accessor></technique_common></source><source id="mixamorig_LeftArm-Interpolations"><Name_array id="mixamorig_LeftArm-Interpolations-array" count="9">
 LINEAR LINEAR LINEAR LINEAR LINEAR LINEAR LINEAR LINEAR LINEAR</Name_array><technique_common><accessor source="#mixamorig_LeftArm-Interpolations-array" count="9"><param type="name"/></accessor></technique_common></source><sampler id="mixamorig_LeftArm-Matrix-animation-transform"><input semantic="INPUT" source="#mixamorig_LeftArm-Matrix-animation-input"/><input semantic="OUTPUT" source="#mixamorig_LeftArm-Matrix-animation-output-transform"/><input semantic="INTERPOLATION" source="#mixamorig_LeftArm-Interpolations"/></sampler><channel source="#mixamorig_LeftArm-Matrix-animation-transform" target="mixamorig_LeftArm/matrix"/></animation>
    <animation id="mixamorig_LeftForeArm-anim" name="mixamorig_LeftForeArm"><source id="mixamorig_LeftForeArm-Matrix-animation-input"><float_array id="mixamorig_LeftForeArm-Matrix-animation-input-array" count="9">

0.000000 0.033333 0.066667 0.100000 0.133333 0.166667 0.200000 0.233333 0.266667</float_array><technique_common><accessor source="#mixamorig_LeftForeArm-Matrix-animation-input-array" count="9"><param name="TIME" type="float"/></accessor></technique_common></source><source id="mixamorig_LeftForeArm-Matrix-animation-output-transform"><float_array id="mixamorig_LeftForeArm-Matrix-animation-output-transform-array" count="144">

0.425048 -0.000000 -0.905171 23.160299 0.000000 1.000000 -0.000000 0.000000 0.905171 -0.000000 0.425048 0.000000 0.000000 0.000000 0.000000 1.000000
0.376208 0.000000 -0.926535 23.160299 -0.000000 1.000000 0.000000 0.000000 0.926535 -0.000000 0.376208 -0.000000 0.000000 0.000000 0.000000 1.000000
0.338176 -0.000001 -0.941083 23.160299 0.000000 1.000000 -0.000001 0.000000 0.941083 0.000000 0.338176 0.000000 0.000000 0.000000 0.000000 1.000000
0.340311 -0.000001 -0.940313 23.160299 0.000000 1.000000 -0.000001 0.000000 0.940313 0.000000 0.340311 0.000000 0.000000 0.000000 0.000000 1.000000
0.377868 -0.000000 -0.925860 23.160299 0.000000 1.000000 -0.000000 0.000000 0.925860 -0.000000 0.377868 -0.000000 0.000000 0.000000 0.000000 1.000000
0.415287 -0.000001 -0.909691 23.160299 -0.000000 1.000000 -0.000001 0.000000 0.909691 0.000001 0.415287 -0.000000 0.000000 0.000000 0.000000 1.000000
0.430292 0.000000 -0.902690 23.160299 0.000000 1.000000 0.000000 -0.000000 0.902690 -0.000000 0.430292 -0.000000 0.000000 0.000000 0.000000 1.000000
0.428186 -0.000001 -0.903691 23.160299 0.000000 1.000000 -0.000001 -0.000000 0.903691 0.000000 0.428186 0.000000 0.000000 0.000000 0.000000 1.000000
0.425048 -0.000000 -0.905171 23.160299 0.000000 1.000000 -0.000000 0.000000 0.905171 -0.000000 0.425048 0.000000 0.000000 0.000000 0.000000 1.000000</float_array><technique_common><accessor source="#mixamorig_LeftForeArm-Matrix-animation-output-transform-array" count="9" stride="16"><param type="float4x4"/></accessor></technique_common></source><source id="mixamorig_LeftForeArm-Interpolations"><Name_array id="mixamorig_LeftForeArm-Interpolations-array" count="9">
 LINEAR LINEAR LINEAR LINEAR LINEAR LINEAR LINEAR LINEAR LINEAR</Name_array><technique_common><accessor source="#mixamorig_LeftForeArm-Interpolations-array" count="9"><param type="name"/></accessor></technique_common></source><sampler id="mixamorig_LeftForeArm-Matrix-animation-transform"><input semantic="INPUT" source="#mixamorig_LeftForeArm-Matrix-animation-input"/><input semantic="OUTPUT" source="#mixamorig_LeftForeArm-Matrix-animation-output-transform"/><input semantic="INTERPOLATION" source="#mixamorig_LeftForeArm-Interpolations"/></sampler><channel source="#mixamorig_LeftForeArm-Matrix-animation-transform" target="mixamorig_LeftForeArm/matrix"/></animation>
    <animation id="mixamorig_LeftHand-anim" name="mixamorig_LeftHand"><source id="mixamorig_LeftHand-Matrix-animation-input"><float_array id="mixamorig_LeftHand-Matrix-animation-input-array" count="9">

0.000000 0.033333 0.066667 0.100000 0.133333 0.166667 0.200000 0.233333 0.266667</float_array><technique_common><accessor source="#mixamorig_LeftHand-Matrix-animation-input-array" count="9"><param name="TIME" type="float"/></accessor></technique_common></source><source id="mixamorig_LeftHand-Matrix-animation-output-transform"><float_array id="mixamorig_LeftHand-Matrix-animation-output-transform-array" count="144">

0.826386 -0.543032 0.149006 24.071800 -0.332534 -0.257067 0.907380 0.000000 -0.454432 -0.799395 -0.393013 0.000000 0.000000 0.000000 0.000000 1.000000
0.818668 -0.554684 0.148689 24.071800 -0.320806 -0.226991 0.919543 0.000000 -0.476304 -0.800501 -0.363776 0.000000 0.000000 0.000000 0.000000 1.000000
0.805052 -0.572505 0.155336 24.071800 -0.317345 -0.194410 0.928169 0.000000 -0.501182 -0.796519 -0.338192 0.000000 0.000000 0.000000 0.000000 1.000000
0.798992 -0.579035 0.162270 24.071800 -0.321964 -0.184008 0.928698 0.000000 -0.507889 -0.794267 -0.333449 0.000000 0.000000 0.000000 0.000000 1.000000
0.806674 -0.567573 0.164734 24.071800 -0.329133 -0.199929 0.922876 0.000000 -0.490865 -0.798680 -0.348085 0.000000 0.000000 0.000000 0.000000 1.000000
0.819002 -0.550531 0.161712 24.071800 -0.332951 -0.226445 0.915350 0.000000 -0.467310 -0.803516 -0.368759 -0.000000 0.000000 0.000000 0.000000 1.000000
0.826490 -0.541041 0.155528 24.071800 -0.333043 -0.247184 0.909935 0.000000 -0.453868 -0.803850 -0.384485 0.000000 0.000000 0.000000 0.000000 1.000000
0.827764 -0.540609 0.150163 24.071800 -0.332252 -0.256632 0.907606 0.000000 -0.452123 -0.801176 -0.392049 0.000000 0.000000 0.000000 0.000000 1.000000
0.826386 -0.543032 0.149006 24.071800 -0.332534 -0.257067 0.907380 -0.000000 -0.454432 -0.799395 -0.393013 0.000000 0.000000 0.000000 0.000000 1.000000</float_array><technique_common><accessor source="#mixamorig_LeftHand-Matrix-animation-output-transform-array" count="9" stride="16"><param type="float4x4"/></accessor></technique_common></source><source id="mixamorig_LeftHand-Interpolations"><Name_array id="mixamorig_LeftHand-Interpolations-array" count="9">
 LINEAR LINEAR LINEAR LINEAR LINEAR LINEAR LINEAR LINEAR LINEAR</Name_array><technique_common><accessor source="#mixamorig_LeftHand-Interpolations-array" count="9"><param type="name"/></accessor></technique_common></source><sampler id="mixamorig_LeftHand-Matrix-animation-transform"><input semantic="INPUT" source="#mixamorig_LeftHand-Matrix-animation-input"/><input semantic="OUTPUT" source="#mixamorig_LeftHand-Matrix-animation-output-transform"/><input semantic="INTERPOLATION" source="#mixamorig_LeftHand-Interpolations"/></sampler><channel source="#mixamorig_LeftHand-Matrix-animation-transform" target="mixamorig_LeftHand/matrix"/></animation>
    <animation id="mixamorig_LeftHandThumb1-anim" name="mixamorig_LeftHandThumb1"><source id="mixamorig_LeftHandThumb1-Matrix-animation-input"><float_array id="mixamorig_LeftHandThumb1-Matrix-animation-input-array" count="9">

0.000000 0.033333 0.066667 0.100000 0.133333 0.166667 0.200000 0.233333 0.266667</float_array><technique_common><accessor source="#mixamorig_LeftHandThumb1-Matrix-animation-input-array" count="9"><param name="TIME" type="float"/></accessor></technique_common></source><source id="mixamorig_LeftHandThumb1-Matrix-animation-output-transform"><float_array id="mixamorig_LeftHandThumb1-Matrix-animation-output-transform-array" count="144">

0.984694 -0.053767 0.165790 4.173400 0.067871 0.994432 -0.080609 -1.925100 -0.160533 0.090628 0.982861 1.510900 0.000000 0.000000 0.000000 1.000000
0.984694 -0.053767 0.165790 4.173400 0.067871 0.994432 -0.080609 -1.925100 -0.160532 0.090628 0.982861 1.510900 0.000000 0.000000 0.000000 1.000000
0.984694 -0.053767 0.165789 4.173400 0.067871 0.994432 -0.080609 -1.925100 -0.160532 0.090627 0.982861 1.510900 0.000000 0.000000 0.000000 1.000000
0.984694 -0.053768 0.165790 4.173400 0.067871 0.994432 -0.080609 -1.925100 -0.160533 0.090627 0.982861 1.510900 0.000000 0.000000 0.000000 1.000000
0.984694 -0.053767 0.165790 4.173400 0.067871 0.994432 -0.080609 -1.925100 -0.160533 0.090627 0.982861 1.510900 0.000000 0.000000 0.000000 1.000000
0.984694 -0.053767 0.165790 4.173400 0.067871 0.994432 -0.080609 -1.925100 -0.160532 0.090627 0.982861 1.510900 0.000000 0.000000 0.000000 1.000000
0.984694 -0.053768 0.165789 4.173400 0.067871 0.994432 -0.080609 -1.925100 -0.160532 0.090627 0.982861 1.510900 0.000000 0.000000 0.000000 1.000000
0.984694 -0.053767 0.165790 4.173400 0.067871 0.994432 -0.080609 -1.925100 -0.160532 0.090627 0.982861 1.510900 0.000000 0.000000 0.000000 1.000000
0.984694 -0.053767 0.165790 4.173400 0.067871 0.994432 -0.080609 -1.925100 -0.160533 0.090628 0.982861 1.510900 0.000000 0.000000 0.000000 1.000000</float_array><technique_common><accessor source="#mixamorig_LeftHandThumb1-Matrix-animation-output-transform-array" count="9" stride="16"><param type="float4x4"/></accessor></technique_common></source><source id="mixamorig_LeftHandThumb1-Interpolations"><Name_array id="mixamorig_LeftHandThumb1-Interpolations-array" count="9">
 LINEAR LINEAR LINEAR LINEAR LINEAR LINEAR LINEAR LINEAR LINEAR</Name_array><technique_common><accessor source="#mixamorig_LeftHandThumb1-Interpolations-array" count="9"><param type="name"/></accessor></technique_common></source><sampler id="mixamorig_LeftHandThumb1-Matrix-animation-transform"><input semantic="INPUT" source="#mixamorig_LeftHandThumb1-Matrix-animation-input"/><input semantic="OUTPUT" source="#mixamorig_LeftHandThumb1-Matrix-animation-output-transform"/><input semantic="INTERPOLATION" source="#mixamorig_LeftHandThumb1-Interpolations"/></sampler><channel source="#mixamorig_LeftHandThumb1-Matrix-animation-transform" target="mixamorig_LeftHandThumb1/matrix"/></animation>
    <animation id="mixamorig_LeftHandThumb2-anim" name="mixamorig_LeftHandThumb2"><source id="mixamorig_LeftHandThumb2-Matrix-animation-input"><float_array id="mixamorig_LeftHandThumb2-Matrix-animation-input-array" count="9">

0.000000 0.033333 0.066667 0.100000 0.133333 0.166667 0.200000 0.233333 0.266667</float_array><technique_common><accessor source="#mixamorig_LeftHandThumb2-Matrix-animation-input-array" count="9"><param name="TIME" type="float"/></accessor></technique_common></source><source id="mixamorig_LeftHandThumb2-Matrix-animation-output-transform"><float_array id="mixamorig_LeftHandThumb2-Matrix-animation-output-transform-array" count="144">

0.990810 -0.132776 -0.025808 2.998000 0.116694 0.935580 -0.333275 -1.730900 0.068396 0.327200 0.942477 1.730900 0.000000 0.000000 0.000000 1.000000
0.990810 -0.132775 -0.025807 2.998000 0.116694 0.935580 -0.333275 -1.730900 0.068395 0.327200 0.942477 1.730900 0.000000 0.000000 0.000000 1.000000
0.990810 -0.132775 -0.025807 2.998000 0.116694 0.935580 -0.333274 -1.730900 0.068395 0.327200 0.942477 1.730900 0.000000 0.000000 0.000000 1.000000
0.990810 -0.132775 -0.025807 2.998000 0.116694 0.935580 -0.333274 -1.730900 0.068395 0.327200 0.942477 1.730900 0.000000 0.000000 0.000000 1.000000
0.990810 -0.132776 -0.025807 2.998000 0.116694 0.935580 -0.333275 -1.730900 0.068395 0.327200 0.942477 1.730900 0.000000 0.000000 0.000000 1.000000
0.990810 -0.132775 -0.025808 2.998000 0.116693 0.935580 -0.333275 -1.730900 0.068396 0.327200 0.942476 1.730900 0.000000 0.000000 0.000000 1.000000
0.990810 -0.132776 -0.025807 2.998000 0.116694 0.935580 -0.333275 -1.730900 0.068395 0.327200 0.942477 1.730900 0.000000 0.000000 0.000000 1.000000
0.990810 -0.132776 -0.025807 2.998000 0.116694 0.935580 -0.333274 -1.730900 0.068396 0.327200 0.942477 1.730900 0.000000 0.000000 0.000000 1.000000
0.990810 -0.132776 -0.025808 2.998000 0.116694 0.935580 -0.333275 -1.730900 0.068396 0.327200 0.942477 1.730900 0.000000 0.000000 0.000000 1.000000</float_array><technique_common><accessor source="#mixamorig_LeftHandThumb2-Matrix-animation-output-transform-array" count="9" stride="16"><param type="float4x4"/></accessor></technique_common></source><source id="mixamorig_LeftHandThumb2-Interpolations"><Name_array id="mixamorig_LeftHandThumb2-Interpolations-array" count="9">
 LINEAR LINEAR LINEAR LINEAR LINEAR LINEAR LINEAR LINEAR LINEAR</Name_array><technique_common><accessor source="#mixamorig_LeftHandThumb2-Interpolations-array" count="9"><param type="name"/></accessor></technique_common></source><sampler id="mixamorig_LeftHandThumb2-Matrix-animation-transform"><input semantic="INPUT" source="#mixamorig_LeftHandThumb2-Matrix-animation-input"/><input semantic="OUTPUT" source="#mixamorig_LeftHandThumb2-Matrix-animation-output-transform"/><input semantic="INTERPOLATION" source="#mixamorig_LeftHandThumb2-Interpolations"/></sampler><channel source="#mixamorig_LeftHandThumb2-Matrix-animation-transform" target="mixamorig_LeftHandThumb2/matrix"/></animation>
    <animation id="mixamorig_LeftHandThumb3-anim" name="mixamorig_LeftHandThumb3"><source id="mixamorig_LeftHandThumb3-Matrix-animation-input"><float_array id="mixamorig_LeftHandThumb3-Matrix-animation-input-array" count="9">

0.000000 0.033333 0.066667 0.100000 0.133333 0.166667 0.200000 0.233333 0.266667</float_array><technique_common><accessor source="#mixamorig_LeftHandThumb3-Matrix-animation-input-array" count="9"><param name="TIME" type="float"/></accessor></technique_common></source><source id="mixamorig_LeftHandThumb3-Matrix-animation-output-transform"><float_array id="mixamorig_LeftHandThumb3-Matrix-animation-output-transform-array" count="144">

0.985629 -0.025810 -0.166939 3.648900 0.039298 0.996178 0.078004 -2.106700 0.164287 -0.083443 0.982877 2.106600 0.000000 0.000000 0.000000 1.000000
0.985629 -0.025810 -0.166939 3.648900 0.039298 0.996178 0.078004 -2.106700 0.164288 -0.083443 0.982877 2.106600 0.000000 0.000000 0.000000 1.000000
0.985629 -0.025810 -0.166938 3.648900 0.039298 0.996178 0.078004 -2.106700 0.164287 -0.083443 0.982877 2.106600 0.000000 0.000000 0.000000 1.000000
0.985629 -0.025810 -0.166939 3.648900 0.039298 0.996178 0.078004 -2.106700 0.164288 -0.083443 0.982877 2.106600 0.000000 0.000000 0.000000 1.000000
0.985629 -0.025810 -0.166939 3.648900 0.039298 0.996178 0.078004 -2.106700 0.164287 -0.083443 0.982877 2.106600 0.000000 0.000000 0.000000 1.000000
0.985629 -0.025810 -0.166939 3.648900 0.039298 0.996178 0.078004 -2.106700 0.164287 -0.083443 0.982877 2.106600 0.000000 0.000000 0.000000 1.000000
0.985629 -0.025810 -0.166939 3.648900 0.039298 0.996178 0.078004 -2.106700 0.164287 -0.083443 0.982877 2.106600 0.000000 0.000000 0.000000 1.000000
0.985629 -0.025810 -0.166938 3.648900 0.039298 0.996178 0.078004 -2.106700 0.164287 -0.083443 0.982877 2.106600 0.000000 0.000000 0.000000 1.000000
0.985629 -0.025810 -0.166939 3.648900 0.039298 0.996178 0.078004 -2.106700 0.164287 -0.083444 0.982877 2.106600 0.000000 0.000000 0.000000 1.000000</float_array><technique_common><accessor source="#mixamorig_LeftHandThumb3-Matrix-animation-output-transform-array" count="9" stride="16"><param type="float4x4"/></accessor></technique_common></source><source id="mixamorig_LeftHandThumb3-Interpolations"><Name_array id="mixamorig_LeftHandThumb3-Interpolations-array" count="9">
 LINEAR LINEAR LINEAR LINEAR LINEAR LINEAR LINEAR LINEAR LINEAR</Name_array><technique_common><accessor source="#mixamorig_LeftHandThumb3-Interpolations-array" count="9"><param type="name"/></accessor></technique_common></source><sampler id="mixamorig_LeftHandThumb3-Matrix-animation-transform"><input semantic="INPUT" source="#mixamorig_LeftHandThumb3-Matrix-animation-input"/><input semantic="OUTPUT" source="#mixamorig_LeftHandThumb3-Matrix-animation-output-transform"/><input semantic="INTERPOLATION" source="#mixamorig_LeftHandThumb3-Interpolations"/></sampler><channel source="#mixamorig_LeftHandThumb3-Matrix-animation-transform" target="mixamorig_LeftHandThumb3/matrix"/></animation>
    <animation id="mixamorig_LeftHandIndex1-anim" name="mixamorig_LeftHandIndex1"><source id="mixamorig_LeftHandIndex1-Matrix-animation-input"><float_array id="mixamorig_LeftHandIndex1-Matrix-animation-input-array" count="9">

0.000000 0.033333 0.066667 0.100000 0.133333 0.166667 0.200000 0.233333 0.266667</float_array><technique_common><accessor source="#mixamorig_LeftHandIndex1-Matrix-animation-input-array" count="9"><param name="TIME" type="float"/></accessor></technique_common></source><source id="mixamorig_LeftHandIndex1-Matrix-animation-output-transform"><float_array id="mixamorig_LeftHandIndex1-Matrix-animation-output-transform-array" count="144">

0.799396 0.596941 0.068027 14.669400 -0.598535 0.801087 0.003895 -0.396000 -0.052170 -0.043830 0.997676 2.855900 0.000000 0.000000 0.000000 1.000000
0.799396 0.596941 0.068027 14.669400 -0.598535 0.801087 0.003895 -0.396000 -0.052170 -0.043830 0.997676 2.855900 0.000000 0.000000 0.000000 1.000000
0.799396 0.596941 0.068027 14.669400 -0.598535 0.801087 0.003895 -0.396000 -0.052170 -0.043830 0.997676 2.855900 0.000000 0.000000 0.000000 1.000000
0.799396 0.596941 0.068027 14.669400 -0.598535 0.801087 0.003895 -0.396000 -0.052170 -0.043830 0.997676 2.855900 0.000000 0.000000 0.000000 1.000000
0.799396 0.596941 0.068027 14.669400 -0.598535 0.801087 0.003895 -0.396000 -0.052170 -0.043830 0.997676 2.855900 0.000000 0.000000 0.000000 1.000000
