<?xml version="1.0" encoding="utf-8"?>
<COLLADA xmlns="http://www.collada.org/2005/11/COLLADASchema" version="1.4.1">
  <asset><contributor><author>Mixamo</author><authoring_tool>COLLADA Mixamo exporter</authoring_tool><comments></comments></contributor><created>2018-10-06T11:34:37Z</created><modified>2018-10-06T11:34:37Z</modified><revision></revision><title></title><unit meter="0.010000"/><up_axis>Y_UP</up_axis></asset>
  <library_animations>
    <animation id="mixamorig_Hips-anim" name="mixamorig_Hips"><source id="mixamorig_Hips-Matrix-animation-input"><float_array id="mixamorig_Hips-Matrix-animation-input-array" count="117">

0.000000 0.033333 0.066667 0.100000 0.133333 0.166667 0.200000 0.233333 0.266667 0.300000 0.333333 0.366667 0.400000 0.433333 0.466667 0.500000
0.533333 0.566667 0.600000 0.633333 0.666667 0.700000 0.733333 0.766667 0.800000 0.833333 0.866667 0.900000 0.933333 0.966667 1.000000 1.033333
1.066667 1.100000 1.133333 1.166667 1.200000 1.233333 1.266667 1.300000 1.333333 1.366667 1.400000 1.433333 1.466667 1.500000 1.533333 1.566667
1.600000 1.633333 1.666667 1.700000 1.733333 1.766667 1.800000 1.833333 1.866667 1.900000 1.933333 1.966667 2.000000 2.033333 2.066667 2.100000
2.133333 2.166667 2.200000 2.233333 2.266667 2.300000 2.333333 2.366667 2.400000 2.433333 2.466667 2.500000 2.533333 2.566667 2.600000 2.633333
2.666667 2.700000 2.733333 2.766667 2.800000 2.833333 2.866667 2.900000 2.933333 2.966667 3.000000 3.033333 3.066667 3.100000 3.133333 3.166667
3.200000 3.233333 3.266667 3.300000 3.333333 3.366667 3.400000 3.433333 3.466667 3.500000 3.533333 3.566667 3.600000 3.633333 3.666667 3.700000
3.733333 3.766667 3.800000 3.833333 3.866667</float_array><technique_common><accessor source="#mixamorig_Hips-Matrix-animation-input-array" count="117"><param name="TIME" type="float"/></accessor></technique_common></source><source id="mixamorig_Hips-Matrix-animation-output-transform"><float_array id="mixamorig_Hips-Matrix-animation-output-transform-array" count="1872">

0.987631 -0.040970 -0.151347 -0.253581 0.040028 0.999156 -0.009265 101.344543 0.151598 0.003092 0.988437 0.866200 0.000000 0.000000 0.000000 1.000000
0.988381 -0.041515 -0.146219 -0.204227 0.040768 0.999136 -0.008104 101.338928 0.146429 0.002049 0.989219 0.838614 0.000000 0.000000 0.000000 1.000000
0.989085 -0.042070 -0.141210 -0.141847 0.041488 0.999114 -0.007062 101.334328 0.141382 0.001126 0.989954 0.850259 0.000000 0.000000 0.000000 1.000000
0.989659 -0.042585 -0.136972 -0.068229 0.042109 0.999093 -0.006375 101.330345 0.137119 0.000541 0.990554 0.906758 0.000000 0.000000 0.000000 1.000000
0.990028 -0.042999 -0.134146 0.026217 0.042550 0.999075 -0.006213 101.325951 0.134289 0.000443 0.990942 1.009901 0.000000 0.000000 0.000000 1.000000
0.990193 -0.043272 -0.132835 0.136076 0.042750 0.999063 -0.006777 101.320221 0.133004 0.001032 0.991115 1.156359 0.000000 0.000000 0.000000 1.000000
0.990155 -0.043512 -0.133039 0.269700 0.042836 0.999051 -0.007945 101.316277 0.133258 0.002168 0.991079 1.350914 0.000000 0.000000 0.000000 1.000000
0.989929 -0.043813 -0.134617 0.423313 0.042943 0.999034 -0.009361 101.315376 0.134897 0.003486 0.990853 1.591947 0.000000 0.000000 0.000000 1.000000
0.989647 -0.044021 -0.136609 0.596261 0.042886 0.999017 -0.011246 101.314667 0.136969 0.005271 0.990561 1.857421 0.000000 0.000000 0.000000 1.000000
0.989282 -0.044171 -0.139174 0.788329 0.042695 0.998996 -0.013573 101.314163 0.139634 0.007486 0.990175 2.150209 0.000000 0.000000 0.000000 1.000000
0.988831 -0.044312 -0.142302 1.001041 0.042399 0.998965 -0.016443 101.315842 0.142883 0.010226 0.989687 2.475529 0.000000 0.000000 0.000000 1.000000
0.988337 -0.044453 -0.145652 1.236225 0.042021 0.998922 -0.019735 101.321114 0.146372 0.013384 0.989139 2.837061 0.000000 0.000000 0.000000 1.000000
0.987863 -0.044593 -0.148788 1.500124 0.041588 0.998864 -0.023250 101.330803 0.149655 0.016780 0.988596 3.234935 0.000000 0.000000 0.000000 1.000000
0.987451 -0.044772 -0.151447 1.791801 0.041185 0.998794 -0.026737 101.345123 0.152461 0.020164 0.988104 3.664454 0.000000 0.000000 0.000000 1.000000
0.987096 -0.045091 -0.153648 2.108594 0.040951 0.998710 -0.030008 101.363914 0.154802 0.023329 0.987670 4.119734 0.000000 0.000000 0.000000 1.000000
0.986752 -0.045641 -0.155682 2.448388 0.040981 0.998614 -0.033014 101.386261 0.156973 0.026196 0.987255 4.595459 0.000000 0.000000 0.000000 1.000000
0.986382 -0.046483 -0.157767 2.806424 0.041333 0.998505 -0.035770 101.410210 0.159194 0.028762 0.986828 5.086397 0.000000 0.000000 0.000000 1.000000
0.985982 -0.047653 -0.159902 3.175224 0.042034 0.998380 -0.038346 101.432884 0.161471 0.031087 0.986388 5.584881 0.000000 0.000000 0.000000 1.000000
0.985577 -0.049056 -0.161964 3.546209 0.042952 0.998237 -0.040973 101.451843 0.163689 0.033426 0.985946 6.079091 0.000000 0.000000 0.000000 1.000000
0.985177 -0.050426 -0.163960 3.911644 0.043783 0.998077 -0.043885 101.465324 0.165857 0.036056 0.985490 6.555672 0.000000 0.000000 0.000000 1.000000
0.984772 -0.051515 -0.166040 4.266475 0.044258 0.997909 -0.047115 101.472137 0.168120 0.039049 0.984993 7.003588 0.000000 0.000000 0.000000 1.000000
0.984361 -0.052237 -0.168241 4.608932 0.044325 0.997743 -0.050447 101.470329 0.170496 0.042201 0.984454 7.415822 0.000000 0.000000 0.000000 1.000000
0.983975 -0.052740 -0.170330 4.939967 0.044196 0.997585 -0.053575 101.458984 0.172744 0.045189 0.983930 7.789614 0.000000 0.000000 0.000000 1.000000
0.983644 -0.053315 -0.172053 5.259838 0.044208 0.997432 -0.056340 101.442024 0.174615 0.047813 0.983475 8.126219 0.000000 0.000000 0.000000 1.000000
0.983328 -0.054185 -0.173579 5.563514 0.044583 0.997277 -0.058751 101.427010 0.176289 0.050033 0.983066 8.430099 0.000000 0.000000 0.000000 1.000000
0.982883 -0.055308 -0.175735 5.840779 0.045230 0.997122 -0.060846 101.421112 0.178594 0.051856 0.982555 8.705201 0.000000 0.000000 0.000000 1.000000
0.982197 -0.056464 -0.179169 6.083478 0.045895 0.996983 -0.062599 101.427292 0.182163 0.053262 0.981825 8.949879 0.000000 0.000000 0.000000 1.000000
0.981302 -0.057352 -0.183732 6.290452 0.046279 0.996876 -0.064003 101.444107 0.186828 0.054304 0.980891 9.156046 0.000000 0.000000 0.000000 1.000000
0.980391 -0.057726 -0.188419 6.464816 0.046159 0.996803 -0.065216 101.467453 0.191581 0.055240 0.979921 9.313171 0.000000 0.000000 0.000000 1.000000
0.979631 -0.057411 -0.192425 6.606125 0.045358 0.996757 -0.066474 101.493759 0.195617 0.056392 0.979058 9.413097 0.000000 0.000000 0.000000 1.000000
0.979076 -0.056269 -0.195562 6.707721 0.043720 0.996733 -0.067906 101.521774 0.198745 0.057935 0.978337 9.449956 0.000000 0.000000 0.000000 1.000000
0.978642 -0.054368 -0.198254 6.759339 0.041329 0.996737 -0.069327 101.551567 0.201376 0.059653 0.977696 9.418291 0.000000 0.000000 0.000000 1.000000
0.978219 -0.051949 -0.200969 6.756641 0.038454 0.996772 -0.070479 101.583290 0.203982 0.061216 0.977059 9.312766 0.000000 0.000000 0.000000 1.000000
0.977766 -0.049399 -0.203795 6.694981 0.035513 0.996827 -0.071244 101.614952 0.206668 0.062422 0.976418 9.129627 0.000000 0.000000 0.000000 1.000000
0.977312 -0.047211 -0.206477 6.571810 0.032990 0.996874 -0.071787 101.643311 0.209221 0.063347 0.975814 8.871896 0.000000 0.000000 0.000000 1.000000
0.976897 -0.045805 -0.208745 6.387933 0.031296 0.996893 -0.072288 101.666252 0.211407 0.064085 0.975295 8.549841 0.000000 0.000000 0.000000 1.000000
0.976524 -0.045296 -0.210593 6.148962 0.030600 0.996897 -0.072524 101.683380 0.213225 0.064377 0.974880 8.176757 0.000000 0.000000 0.000000 1.000000
0.976181 -0.045402 -0.212153 5.865521 0.030733 0.996935 -0.071940 101.694984 0.214770 0.063707 0.974585 7.763242 0.000000 0.000000 0.000000 1.000000
0.975907 -0.045543 -0.213382 5.549501 0.031211 0.997054 -0.070063 101.700768 0.215945 0.061715 0.974453 7.316196 0.000000 0.000000 0.000000 1.000000
0.975800 -0.045172 -0.213947 5.209061 0.031497 0.997262 -0.066904 101.701271 0.216383 0.058546 0.974551 6.841190 0.000000 0.000000 0.000000 1.000000
0.975944 -0.044098 -0.213514 4.848092 0.031314 0.997529 -0.062888 101.698036 0.215760 0.054689 0.974914 6.344816 0.000000 0.000000 0.000000 1.000000
0.976337 -0.042448 -0.212046 4.468669 0.030697 0.997821 -0.058405 101.693504 0.214063 0.050513 0.975513 5.834045 0.000000 0.000000 0.000000 1.000000
0.976889 -0.040479 -0.209880 4.074393 0.029821 0.998112 -0.053698 101.688057 0.211657 0.046198 0.976251 5.312816 0.000000 0.000000 0.000000 1.000000
0.977475 -0.038386 -0.207533 3.670719 0.028807 0.998384 -0.048985 101.679665 0.209078 0.041904 0.977001 4.782851 0.000000 0.000000 0.000000 1.000000
0.978023 -0.036268 -0.205320 3.263063 0.027679 0.998623 -0.044555 101.665306 0.206654 0.037893 0.977680 4.249215 0.000000 0.000000 0.000000 1.000000
0.978538 -0.034258 -0.203201 2.855900 0.026529 0.998822 -0.040642 101.645287 0.204354 0.034379 0.978293 3.724677 0.000000 0.000000 0.000000 1.000000
0.979065 -0.032606 -0.200919 2.453794 0.025620 0.998976 -0.037278 101.623772 0.201929 0.031350 0.978898 3.226789 0.000000 0.000000 0.000000 1.000000
0.979633 -0.031618 -0.198289 2.062772 0.025295 0.999090 -0.034341 101.604759 0.199195 0.028626 0.979542 2.769555 0.000000 0.000000 0.000000 1.000000
0.980216 -0.031466 -0.195413 1.689292 0.025737 0.999163 -0.031789 101.587479 0.196249 0.026130 0.980206 2.357402 0.000000 0.000000 0.000000 1.000000
0.980774 -0.032140 -0.192482 1.338780 0.026911 0.999196 -0.029719 101.567871 0.193283 0.023968 0.980850 1.987538 0.000000 0.000000 0.000000 1.000000
0.981294 -0.033419 -0.189592 1.015935 0.028586 0.999194 -0.028169 101.541924 0.190381 0.022223 0.981459 1.657236 0.000000 0.000000 0.000000 1.000000
0.981786 -0.034951 -0.186749 0.726119 0.030434 0.999172 -0.027000 101.509537 0.187538 0.020825 0.982037 1.367872 0.000000 0.000000 0.000000 1.000000
0.982257 -0.036434 -0.183966 0.475553 0.032198 0.999144 -0.025961 101.474731 0.184754 0.019577 0.982590 1.123674 0.000000 0.000000 0.000000 1.000000
0.982701 -0.037700 -0.181323 0.268963 0.033744 0.999121 -0.024857 101.442741 0.182101 0.018308 0.983109 0.928384 0.000000 0.000000 0.000000 1.000000
0.983105 -0.038735 -0.178896 0.106491 0.035059 0.999105 -0.023667 101.416138 0.179652 0.016995 0.983583 0.783263 0.000000 0.000000 0.000000 1.000000
0.983471 -0.039627 -0.176674 -0.016255 0.036221 0.999091 -0.022468 101.393990 0.177404 0.015697 0.984013 0.688250 0.000000 0.000000 0.000000 1.000000
0.983810 -0.040481 -0.174580 -0.104806 0.037336 0.999077 -0.021263 101.374039 0.175280 0.014400 0.984413 0.644692 0.000000 0.000000 0.000000 1.000000
0.984131 -0.041315 -0.172569 -0.162946 0.038443 0.999062 -0.019951 101.355095 0.173231 0.013000 0.984795 0.656306 0.000000 0.000000 0.000000 1.000000
0.984424 -0.042065 -0.170706 -0.191142 0.039477 0.999049 -0.018528 101.338417 0.171323 0.011501 0.985148 0.726405 0.000000 0.000000 0.000000 1.000000
0.984667 -0.042655 -0.169147 -0.187658 0.040317 0.999038 -0.017239 101.326897 0.169720 0.010155 0.985440 0.853650 0.000000 0.000000 0.000000 1.000000
0.984837 -0.043080 -0.168049 -0.150098 0.040892 0.999028 -0.016456 101.322853 0.168595 0.009334 0.985641 1.031615 0.000000 0.000000 0.000000 1.000000
0.984938 -0.043449 -0.167360 -0.076706 0.041292 0.999013 -0.016350 101.326149 0.167906 0.009193 0.985760 1.253327 0.000000 0.000000 0.000000 1.000000
0.985010 -0.043901 -0.166818 0.032615 0.041684 0.998990 -0.016769 101.333885 0.167385 0.009564 0.985845 1.515016 0.000000 0.000000 0.000000 1.000000
0.985097 -0.044497 -0.166144 0.176717 0.042191 0.998958 -0.017386 101.342400 0.166745 0.010118 0.985948 1.815423 0.000000 0.000000 0.000000 1.000000
0.985215 -0.045150 -0.165265 0.354099 0.042776 0.998924 -0.017896 101.348663 0.165895 0.010562 0.986087 2.152485 0.000000 0.000000 0.000000 1.000000
0.985335 -0.045647 -0.164411 0.562521 0.043249 0.998900 -0.018136 101.351448 0.165058 0.010760 0.986225 2.521771 0.000000 0.000000 0.000000 1.000000
0.985409 -0.045814 -0.163921 0.798837 0.043422 0.998892 -0.018148 101.351006 0.164571 0.010766 0.986307 2.917677 0.000000 0.000000 0.000000 1.000000
0.985408 -0.045636 -0.163979 1.059156 0.043240 0.998900 -0.018153 101.348938 0.164627 0.010797 0.986297 3.335267 0.000000 0.000000 0.000000 1.000000
0.985340 -0.045316 -0.164476 1.340280 0.042865 0.998911 -0.018422 101.347496 0.165131 0.011102 0.986209 3.770316 0.000000 0.000000 0.000000 1.000000
0.985235 -0.045097 -0.165160 1.640919 0.042525 0.998913 -0.019077 101.347855 0.165841 0.011772 0.986082 4.218544 0.000000 0.000000 0.000000 1.000000
0.985120 -0.045092 -0.165844 1.961719 0.042343 0.998901 -0.020078 101.348534 0.166568 0.012756 0.985948 4.674823 0.000000 0.000000 0.000000 1.000000
0.985008 -0.045269 -0.166466 2.303684 0.042294 0.998876 -0.021378 101.345810 0.167247 0.014017 0.985815 5.134208 0.000000 0.000000 0.000000 1.000000
0.984892 -0.045578 -0.167061 2.664970 0.042308 0.998838 -0.023083 101.336914 0.167919 0.015666 0.985676 5.593664 0.000000 0.000000 0.000000 1.000000
0.984763 -0.046062 -0.167689 3.039483 0.042387 0.998778 -0.025433 101.322403 0.168655 0.017938 0.985512 6.052437 0.000000 0.000000 0.000000 1.000000
0.984610 -0.046781 -0.168391 3.419335 0.042573 0.998686 -0.028520 101.305611 0.169504 0.020913 0.985308 6.510829 0.000000 0.000000 0.000000 1.000000
0.984424 -0.047684 -0.169221 3.799493 0.042841 0.998564 -0.032161 101.289879 0.170511 0.024410 0.985053 6.966877 0.000000 0.000000 0.000000 1.000000
0.984208 -0.048570 -0.170222 4.179329 0.043051 0.998425 -0.035963 101.275307 0.171701 0.028067 0.984749 7.414153 0.000000 0.000000 0.000000 1.000000
0.983975 -0.049198 -0.171387 4.559475 0.043025 0.998291 -0.039551 101.258423 0.173040 0.031543 0.984410 7.843044 0.000000 0.000000 0.000000 1.000000
0.983750 -0.049488 -0.172588 4.937962 0.042710 0.998172 -0.042766 101.234436 0.174389 0.034700 0.984065 8.244930 0.000000 0.000000 0.000000 1.000000
0.983566 -0.049522 -0.173626 5.309741 0.042191 0.998065 -0.045664 101.200737 0.175552 0.037588 0.983752 8.615734 0.000000 0.000000 0.000000 1.000000
0.983459 -0.049418 -0.174258 5.668221 0.041568 0.997962 -0.048416 101.159019 0.176296 0.040372 0.983509 8.954906 0.000000 0.000000 0.000000 1.000000
0.983470 -0.049217 -0.174255 6.007252 0.040870 0.997853 -0.051172 101.114426 0.176400 0.043204 0.983370 9.260963 0.000000 0.000000 0.000000 1.000000
0.983588 -0.048904 -0.173675 6.321135 0.040074 0.997737 -0.053993 101.074600 0.175923 0.046147 0.983322 9.528387 0.000000 0.000000 0.000000 1.000000
0.983733 -0.048452 -0.172981 6.604527 0.039149 0.997618 -0.056793 101.048309 0.175321 0.049097 0.983286 9.749609 0.000000 0.000000 0.000000 1.000000
0.983786 -0.047854 -0.172847 6.852697 0.038086 0.997508 -0.059395 101.041710 0.175258 0.051849 0.983156 9.919386 0.000000 0.000000 0.000000 1.000000
0.983667 -0.047094 -0.173728 7.061486 0.036848 0.997412 -0.061737 101.052147 0.176186 0.054327 0.982857 10.035739 0.000000 0.000000 0.000000 1.000000
0.983396 -0.046158 -0.175507 7.226934 0.035382 0.997320 -0.064039 101.068901 0.177992 0.056765 0.982393 10.096736 0.000000 0.000000 0.000000 1.000000
0.983015 -0.045146 -0.177883 7.339812 0.033773 0.997218 -0.066455 101.082436 0.180389 0.059319 0.981805 10.099167 0.000000 0.000000 0.000000 1.000000
0.982521 -0.044274 -0.180810 7.390275 0.032277 0.997111 -0.068762 101.092880 0.183332 0.061724 0.981111 10.041378 0.000000 0.000000 0.000000 1.000000
0.981867 -0.043667 -0.184475 7.379076 0.031108 0.997031 -0.070435 101.108437 0.187003 0.063419 0.980310 9.925593 0.000000 0.000000 0.000000 1.000000
0.981013 -0.043292 -0.189050 7.303924 0.030356 0.997029 -0.070796 101.139221 0.191553 0.063713 0.979412 9.757492 0.000000 0.000000 0.000000 1.000000
0.979996 -0.042907 -0.194337 7.167933 0.029859 0.997129 -0.069584 101.186974 0.196765 0.062389 0.978464 9.542358 0.000000 0.000000 0.000000 1.000000
0.978945 -0.042266 -0.199698 6.977387 0.029349 0.997307 -0.067207 101.243103 0.202001 0.059931 0.977550 9.281013 0.000000 0.000000 0.000000 1.000000
0.978036 -0.041300 -0.204304 6.739436 0.028652 0.997507 -0.064486 101.296883 0.206458 0.057216 0.976781 8.970023 0.000000 0.000000 0.000000 1.000000
0.977393 -0.040160 -0.207580 6.461117 0.027818 0.997686 -0.062040 101.342590 0.209592 0.054863 0.976249 8.606260 0.000000 0.000000 0.000000 1.000000
0.977039 -0.039059 -0.209448 6.149481 0.027050 0.997838 -0.059900 101.379662 0.211335 0.052859 0.975983 8.190878 0.000000 0.000000 0.000000 1.000000
0.976919 -0.038139 -0.210176 5.809886 0.026545 0.997980 -0.057714 101.408699 0.211952 0.050803 0.975959 7.730124 0.000000 0.000000 0.000000 1.000000
0.976965 -0.037437 -0.210091 5.444205 0.026388 0.998129 -0.055153 101.429756 0.211763 0.048338 0.976125 7.234963 0.000000 0.000000 0.000000 1.000000
0.977147 -0.036894 -0.209340 5.051411 0.026534 0.998290 -0.052088 101.443405 0.210904 0.045343 0.976455 6.719909 0.000000 0.000000 0.000000 1.000000
0.977481 -0.036382 -0.207863 4.631593 0.026852 0.998463 -0.048488 101.451897 0.209307 0.041814 0.976955 6.200329 0.000000 0.000000 0.000000 1.000000
0.978006 -0.035742 -0.205494 4.189351 0.027184 0.998647 -0.044321 101.459564 0.206800 0.037760 0.977654 5.688459 0.000000 0.000000 0.000000 1.000000
0.978723 -0.034855 -0.202206 3.732981 0.027383 0.998839 -0.039634 101.469971 0.203353 0.033254 0.978541 5.191102 0.000000 0.000000 0.000000 1.000000
0.979563 -0.033690 -0.198294 3.270963 0.027339 0.999024 -0.034680 101.483437 0.199269 0.028550 0.979529 4.711280 0.000000 0.000000 0.000000 1.000000
0.980402 -0.032337 -0.194337 2.809387 0.027030 0.999188 -0.029895 101.496101 0.195146 0.024056 0.980479 4.251719 0.000000 0.000000 0.000000 1.000000
0.981113 -0.031010 -0.190935 2.352086 0.026572 0.999315 -0.025761 101.502121 0.191603 0.020200 0.981265 3.817107 0.000000 0.000000 0.000000 1.000000
0.981635 -0.029979 -0.188398 1.902647 0.026214 0.999404 -0.022445 101.496750 0.188959 0.017094 0.981836 3.411920 0.000000 0.000000 0.000000 1.000000
0.981994 -0.029433 -0.186606 1.467053 0.026205 0.999462 -0.019744 101.484772 0.187087 0.014498 0.982236 3.038692 0.000000 0.000000 0.000000 1.000000
0.982265 -0.029414 -0.185174 1.054028 0.026659 0.999494 -0.017348 101.469124 0.185591 0.012104 0.982553 2.697908 0.000000 0.000000 0.000000 1.000000
0.982533 -0.029870 -0.183675 0.672644 0.027560 0.999506 -0.015118 101.451508 0.184036 0.009792 0.982871 2.389716 0.000000 0.000000 0.000000 1.000000
0.982860 -0.030768 -0.181769 0.327982 0.028857 0.999497 -0.013145 101.432510 0.182082 0.007674 0.983253 2.114383 0.000000 0.000000 0.000000 1.000000
0.983287 -0.032123 -0.179205 0.031310 0.030539 0.999466 -0.011593 101.412643 0.179482 0.005927 0.983743 1.870904 0.000000 0.000000 0.000000 1.000000
0.983867 -0.033724 -0.175695 -0.165264 0.032367 0.999420 -0.010580 101.393692 0.175950 0.004722 0.984388 1.648769 0.000000 0.000000 0.000000 1.000000
0.984700 -0.035566 -0.170590 -0.297908 0.034283 0.999357 -0.010459 101.378807 0.170852 0.004450 0.985287 1.398748 0.000000 0.000000 0.000000 1.000000
0.985531 -0.037260 -0.165352 -0.361076 0.036046 0.999297 -0.010337 101.367142 0.165621 0.004227 0.986180 1.199466 0.000000 0.000000 0.000000 1.000000
0.986299 -0.038753 -0.160350 -0.350970 0.037619 0.999241 -0.010102 101.358284 0.160620 0.003932 0.987008 1.047312 0.000000 0.000000 0.000000 1.000000
0.986995 -0.040000 -0.155692 -0.312948 0.038959 0.999193 -0.009739 101.350922 0.155956 0.003546 0.987758 0.938162 0.000000 0.000000 0.000000 1.000000
0.987631 -0.040970 -0.151347 -0.253581 0.040028 0.999156 -0.009265 101.344543 0.151598 0.003092 0.988437 0.866200 0.000000 0.000000 0.000000 1.000000</float_array><technique_common><accessor source="#mixamorig_Hips-Matrix-animation-output-transform-array" count="117" stride="16"><param type="float4x4"/></accessor></technique_common></source><source id="mixamorig_Hips-Interpolations"><Name_array id="mixamorig_Hips-Interpolations-array" count="117">
 LINEAR LINEAR LINEAR LINEAR LINEAR LINEAR LINEAR LINEAR LINEAR LINEAR LINEAR
LINEAR LINEAR LINEAR LINEAR LINEAR LINEAR LINEAR LINEAR LINEAR LINEAR LINEAR LINEAR
LINEAR LINEAR LINEAR LINEAR LINEAR LINEAR LINEAR LINEAR LINEAR LINEAR LINEAR LINEAR
LINEAR LINEAR LINEAR LINEAR LINEAR LINEAR LINEAR LINEAR LINEAR LINEAR LINEAR LINEAR
LINEAR LINEAR LINEAR LINEAR LINEAR LINEAR LINEAR LINEAR LINEAR LINEAR LINEAR LINEAR
LINEAR LINEAR LINEAR LINEAR LINEAR LINEAR LINEAR LINEAR LINEAR LINEAR LINEAR LINEAR
LINEAR LINEAR LINEAR LINEAR LINEAR LINEAR LINEAR LINEAR LINEAR LINEAR LINEAR LINEAR
LINEAR LINEAR LINEAR LINEAR LINEAR LINEAR LINEAR LINEAR LINEAR LINEAR LINEAR LINEAR
LINEAR LINEAR LINEAR LINEAR LINEAR LINEAR LINEAR LINEAR LINEAR LINEAR LINEAR LINEAR
LINEAR LINEAR LINEAR LINEAR LINEAR LINEAR LINEAR LINEAR LINEAR LINEAR</Name_array><technique_common><accessor source="#mixamorig_Hips-Interpolations-array" count="117"><param type="name"/></accessor></technique_common></source><sampler id="mixamorig_Hips-Matrix-animation-transform"><input semantic="INPUT" source="#mixamorig_Hips-Matrix-animation-input"/><input semantic="OUTPUT" source="#mixamorig_Hips-Matrix-animation-output-transform"/><input semantic="INTERPOLATION" source="#mixamorig_Hips-Interpolations"/></sampler><channel source="#mixamorig_Hips-Matrix-animation-transform" target="mixamorig_Hips/matrix"/></animation>
    <animation id="mixamorig_Spine-anim" name="mixamorig_Spine"><source id="mixamorig_Spine-Matrix-animation-input"><float_array id="mixamorig_Spine-Matrix-animation-input-array" count="117">

0.000000 0.033333 0.066667 0.100000 0.133333 0.166667 0.200000 0.233333 0.266667 0.300000 0.333333 0.366667 0.400000 0.433333 0.466667 0.500000
0.533333 0.566667 0.600000 0.633333 0.666667 0.700000 0.733333 0.766667 0.800000 0.833333 0.866667 0.900000 0.933333 0.966667 1.000000 1.033333
1.066667 1.100000 1.133333 1.166667 1.200000 1.233333 1.266667 1.300000 1.333333 1.366667 1.400000 1.433333 1.466667 1.500000 1.533333 1.566667
1.600000 1.633333 1.666667 1.700000 1.733333 1.766667 1.800000 1.833333 1.866667 1.900000 1.933333 1.966667 2.000000 2.033333 2.066667 2.100000
2.133333 2.166667 2.200000 2.233333 2.266667 2.300000 2.333333 2.366667 2.400000 2.433333 2.466667 2.500000 2.533333 2.566667 2.600000 2.633333
2.666667 2.700000 2.733333 2.766667 2.800000 2.833333 2.866667 2.900000 2.933333 2.966667 3.000000 3.033333 3.066667 3.100000 3.133333 3.166667
3.200000 3.233333 3.266667 3.300000 3.333333 3.366667 3.400000 3.433333 3.466667 3.500000 3.533333 3.566667 3.600000 3.633333 3.666667 3.700000
3.733333 3.766667 3.800000 3.833333 3.866667</float_array><technique_common><accessor source="#mixamorig_Spine-Matrix-animation-input-array" count="117"><param name="TIME" type="float"/></accessor></technique_common></source><source id="mixamorig_Spine-Matrix-animation-output-transform"><float_array id="mixamorig_Spine-Matrix-animation-output-transform-array" count="1872">

0.999445 0.030615 -0.013103 -0.038100 -0.030703 0.999507 -0.006520 9.490500 0.012897 0.006919 0.999893 -1.392100 0.000000 0.000000 0.000000 1.000000
0.999465 0.029730 -0.013641 -0.038100 -0.029816 0.999537 -0.006078 9.490500 0.013454 0.006481 0.999888 -1.392100 0.000000 0.000000 0.000000 1.000000
0.999484 0.028753 -0.014285 -0.038100 -0.028835 0.999569 -0.005583 9.490500 0.014118 0.005992 0.999882 -1.392100 0.000000 0.000000 0.000000 1.000000
0.999506 0.027688 -0.014841 -0.038100 -0.027763 0.999603 -0.004849 9.490500 0.014701 0.005259 0.999878 -1.392100 0.000000 0.000000 0.000000 1.000000
0.999529 0.026809 -0.014958 -0.038100 -0.026868 0.999632 -0.003761 9.490500 0.014852 0.004161 0.999881 -1.392100 0.000000 0.000000 0.000000 1.000000
0.999548 0.026324 -0.014530 -0.038100 -0.026361 0.999650 -0.002355 9.490500 0.014463 0.002737 0.999892 -1.392100 0.000000 0.000000 0.000000 1.000000
0.999561 0.026241 -0.013719 -0.038100 -0.026254 0.999655 -0.000779 9.490500 0.013694 0.001139 0.999906 -1.392100 0.000000 0.000000 0.000000 1.000000
0.999571 0.026373 -0.012752 -0.038100 -0.026366 0.999652 0.000736 9.490500 0.012767 -0.000399 0.999918 -1.392100 0.000000 0.000000 0.000000 1.000000
0.999583 0.026388 -0.011698 -0.038100 -0.026367 0.999650 0.001969 9.490500 0.011746 -0.001660 0.999930 -1.392100 0.000000 0.000000 0.000000 1.000000
0.999600 0.026252 -0.010562 -0.038100 -0.026222 0.999652 0.002944 9.490500 0.010635 -0.002666 0.999940 -1.392100 0.000000 0.000000 0.000000 1.000000
0.999616 0.026075 -0.009371 -0.038100 -0.026041 0.999654 0.003750 9.490500 0.009466 -0.003505 0.999949 -1.392100 0.000000 0.000000 0.000000 1.000000
0.999628 0.026007 -0.008173 -0.038100 -0.025972 0.999653 0.004459 9.490500 0.008287 -0.004245 0.999957 -1.392100 0.000000 0.000000 0.000000 1.000000
0.999633 0.026170 -0.006993 -0.038100 -0.026135 0.999646 0.005073 9.490500 0.007123 -0.004888 0.999963 -1.392100 0.000000 0.000000 0.000000 1.000000
0.999628 0.026648 -0.005884 -0.038100 -0.026616 0.999630 0.005539 9.490500 0.006030 -0.005381 0.999967 -1.392100 0.000000 0.000000 0.000000 1.000000
0.999611 0.027453 -0.004962 -0.038100 -0.027425 0.999607 0.005786 9.490500 0.005119 -0.005648 0.999971 -1.392100 0.000000 0.000000 0.000000 1.000000
0.999586 0.028447 -0.004301 -0.038100 -0.028422 0.999579 0.005785 9.490500 0.004464 -0.005660 0.999974 -1.392100 0.000000 0.000000 0.000000 1.000000
0.999557 0.029509 -0.003875 -0.038100 -0.029487 0.999550 0.005517 9.490500 0.004036 -0.005400 0.999977 -1.392100 0.000000 0.000000 0.000000 1.000000
0.999524 0.030639 -0.003569 -0.038100 -0.030621 0.999519 0.004988 9.490500 0.003721 -0.004877 0.999981 -1.392100 0.000000 0.000000 0.000000 1.000000
0.999485 0.031922 -0.003225 -0.038100 -0.031908 0.999481 0.004314 9.490500 0.003361 -0.004209 0.999985 -1.392100 0.000000 0.000000 0.000000 1.000000
0.999440 0.033338 -0.002751 -0.038100 -0.033328 0.999438 0.003645 9.490500 0.002871 -0.003551 0.999990 -1.392100 0.000000 0.000000 0.000000 1.000000
0.999394 0.034751 -0.002215 -0.038100 -0.034744 0.999392 0.003061 9.490500 0.002320 -0.002982 0.999993 -1.392100 0.000000 0.000000 0.000000 1.000000
0.999350 0.036010 -0.001854 -0.038100 -0.036005 0.999348 0.002529 9.490500 0.001943 -0.002461 0.999995 -1.392100 0.000000 0.000000 0.000000 1.000000
0.999310 0.037086 -0.001934 -0.038100 -0.037082 0.999310 0.001949 9.490500 0.002005 -0.001876 0.999996 -1.392100 0.000000 0.000000 0.000000 1.000000
0.999269 0.038142 -0.002533 -0.038100 -0.038139 0.999272 0.001234 9.490500 0.002579 -0.001136 0.999996 -1.392100 0.000000 0.000000 0.000000 1.000000
0.999214 0.039513 -0.003323 -0.038100 -0.039512 0.999219 0.000350 9.490500 0.003334 -0.000218 0.999994 -1.392100 0.000000 0.000000 0.000000 1.000000
0.999134 0.041452 -0.003690 -0.038100 -0.041455 0.999140 -0.000691 9.490500 0.003658 0.000843 0.999993 -1.392100 0.000000 0.000000 0.000000 1.000000
0.999027 0.043986 -0.003240 -0.038100 -0.043993 0.999030 -0.001852 9.490500 0.003155 0.001993 0.999993 -1.392100 0.000000 0.000000 0.000000 1.000000
0.998900 0.046838 -0.002075 -0.038100 -0.046844 0.998897 -0.003064 9.490500 0.001929 0.003158 0.999993 -1.392100 0.000000 0.000000 0.000000 1.000000
0.998772 0.049529 -0.000759 -0.038100 -0.049532 0.998764 -0.004218 9.490500 0.000549 0.004250 0.999991 -1.392100 0.000000 0.000000 0.000000 1.000000
0.998664 0.051676 0.000244 -0.038100 -0.051674 0.998650 -0.005201 9.490500 -0.000513 0.005181 0.999986 -1.392100 0.000000 0.000000 0.000000 1.000000
0.998589 0.053100 0.000837 -0.038100 -0.053094 0.998572 -0.005968 9.490500 -0.001153 0.005915 0.999982 -1.392100 0.000000 0.000000 0.000000 1.000000
0.998543 0.053943 0.001289 -0.038100 -0.053934 0.998522 -0.006635 9.490500 -0.001646 0.006556 0.999977 -1.392100 0.000000 0.000000 0.000000 1.000000
0.998510 0.054539 0.001907 -0.038100 -0.054524 0.998485 -0.007392 9.490500 -0.002307 0.007277 0.999971 -1.392100 0.000000 0.000000 0.000000 1.000000
0.998464 0.055327 0.002842 -0.038100 -0.055302 0.998435 -0.008299 9.490500 -0.003297 0.008129 0.999962 -1.392100 0.000000 0.000000 0.000000 1.000000
0.998384 0.056693 0.004029 -0.038100 -0.056654 0.998352 -0.009194 9.490500 -0.004544 0.008951 0.999950 -1.392100 0.000000 0.000000 0.000000 1.000000
0.998261 0.058716 0.005252 -0.038100 -0.058662 0.998229 -0.009829 9.490500 -0.005819 0.009504 0.999938 -1.392100 0.000000 0.000000 0.000000 1.000000
0.998111 0.061109 0.006332 -0.038100 -0.061043 0.998083 -0.010157 9.490500 -0.006941 0.009751 0.999928 -1.392100 0.000000 0.000000 0.000000 1.000000
0.997966 0.063340 0.007148 -0.038100 -0.063264 0.997943 -0.010371 9.490500 -0.007791 0.009898 0.999921 -1.392100 0.000000 0.000000 0.000000 1.000000
0.997867 0.064834 0.007549 -0.038100 -0.064752 0.997844 -0.010733 9.490500 -0.008228 0.010222 0.999914 -1.392100 0.000000 0.000000 0.000000 1.000000
0.997841 0.065263 0.007342 -0.038100 -0.065177 0.997809 -0.011361 9.490500 -0.008068 0.010858 0.999909 -1.392100 0.000000 0.000000 0.000000 1.000000
0.997884 0.064694 0.006448 -0.038100 -0.064612 0.997836 -0.012187 9.490500 -0.007222 0.011745 0.999905 -1.392100 0.000000 0.000000 0.000000 1.000000
0.997976 0.063404 0.004963 -0.038100 -0.063334 0.997906 -0.013121 9.490500 -0.005784 0.012780 0.999902 -1.392100 0.000000 0.000000 0.000000 1.000000
0.998087 0.061739 0.003187 -0.038100 -0.061688 0.997996 -0.014111 9.490500 -0.004052 0.013888 0.999895 -1.392100 0.000000 0.000000 0.000000 1.000000
0.998199 0.059968 0.001492 -0.038100 -0.059939 0.998088 -0.015087 9.490500 -0.002394 0.014971 0.999885 -1.392100 0.000000 0.000000 0.000000 1.000000
0.998306 0.058184 0.000084 -0.038100 -0.058176 0.998180 -0.015892 9.490500 -0.001008 0.015860 0.999874 -1.392100 0.000000 0.000000 0.000000 1.000000
0.998410 0.056361 -0.001070 -0.038100 -0.056371 0.998276 -0.016367 9.490500 0.000145 0.016401 0.999865 -1.392100 0.000000 0.000000 0.000000 1.000000
0.998513 0.054469 -0.002130 -0.038100 -0.054497 0.998378 -0.016490 9.490500 0.001228 0.016582 0.999862 -1.392100 0.000000 0.000000 0.000000 1.000000
0.998614 0.052533 -0.003215 -0.038100 -0.052579 0.998483 -0.016368 9.490500 0.002351 0.016514 0.999861 -1.392100 0.000000 0.000000 0.000000 1.000000
0.998707 0.050643 -0.004319 -0.038100 -0.050706 0.998584 -0.016061 9.490500 0.003499 0.016259 0.999862 -1.392100 0.000000 0.000000 0.000000 1.000000
0.998789 0.048900 -0.005391 -0.038100 -0.048979 0.998679 -0.015517 9.490500 0.004625 0.015762 0.999865 -1.392100 0.000000 0.000000 0.000000 1.000000
0.998857 0.047358 -0.006431 -0.038100 -0.047448 0.998766 -0.014696 9.490500 0.005728 0.014984 0.999871 -1.392100 0.000000 0.000000 0.000000 1.000000
0.998914 0.046001 -0.007463 -0.038100 -0.046100 0.998843 -0.013675 9.490500 0.006825 0.014004 0.999879 -1.392100 0.000000 0.000000 0.000000 1.000000
0.998962 0.044756 -0.008484 -0.038100 -0.044861 0.998913 -0.012629 9.490500 0.007910 0.012997 0.999884 -1.392100 0.000000 0.000000 0.000000 1.000000
0.999009 0.043498 -0.009446 -0.038100 -0.043608 0.998980 -0.011712 9.490500 0.008927 0.012112 0.999887 -1.392100 0.000000 0.000000 0.000000 1.000000
0.999060 0.042110 -0.010285 -0.038100 -0.042223 0.999048 -0.010966 9.490500 0.009814 0.011390 0.999887 -1.392100 0.000000 0.000000 0.000000 1.000000
0.999117 0.040558 -0.010967 -0.038100 -0.040671 0.999119 -0.010348 9.490500 0.010537 0.010785 0.999886 -1.392100 0.000000 0.000000 0.000000 1.000000
0.999176 0.038929 -0.011512 -0.038100 -0.039042 0.999190 -0.009795 9.490500 0.011121 0.010236 0.999886 -1.392100 0.000000 0.000000 0.000000 1.000000
0.999230 0.037363 -0.011997 -0.038100 -0.037475 0.999255 -0.009262 9.490500 0.011642 0.009704 0.999885 -1.392100 0.000000 0.000000 0.000000 1.000000
0.999276 0.035945 -0.012496 -0.038100 -0.036055 0.999312 -0.008688 9.490500 0.012175 0.009133 0.999884 -1.392100 0.000000 0.000000 0.000000 1.000000
0.999314 0.034675 -0.013036 -0.038100 -0.034781 0.999363 -0.007975 9.490500 0.012752 0.008423 0.999883 -1.392100 0.000000 0.000000 0.000000 1.000000
0.999346 0.033501 -0.013605 -0.038100 -0.033599 0.999411 -0.007046 9.490500 0.013361 0.007498 0.999883 -1.392100 0.000000 0.000000 0.000000 1.000000
0.999374 0.032400 -0.014205 -0.038100 -0.032486 0.999455 -0.005923 9.490500 0.014005 0.006381 0.999882 -1.392100 0.000000 0.000000 0.000000 1.000000
0.999396 0.031446 -0.014823 -0.038100 -0.031519 0.999492 -0.004742 9.490500 0.014666 0.005206 0.999879 -1.392100 0.000000 0.000000 0.000000 1.000000
0.999408 0.030749 -0.015417 -0.038100 -0.030808 0.999519 -0.003654 9.490500 0.015297 0.004127 0.999874 -1.392100 0.000000 0.000000 0.000000 1.000000
0.999413 0.030337 -0.015891 -0.038100 -0.030385 0.999534 -0.002799 9.490500 0.015799 0.003281 0.999870 -1.392100 0.000000 0.000000 0.000000 1.000000
0.999417 0.030108 -0.016124 -0.038100 -0.030148 0.999543 -0.002276 9.490500 0.016048 0.002761 0.999867 -1.392100 0.000000 0.000000 0.000000 1.000000
0.999422 0.029962 -0.016041 -0.038100 -0.030000 0.999548 -0.002092 9.490500 0.015971 0.002572 0.999869 -1.392100 0.000000 0.000000 0.000000 1.000000
0.999430 0.029910 -0.015651 -0.038100 -0.029947 0.999549 -0.002151 9.490500 0.015579 0.002618 0.999875 -1.392100 0.000000 0.000000 0.000000 1.000000
0.999435 0.030037 -0.015053 -0.038100 -0.030075 0.999545 -0.002296 9.490500 0.014977 0.002748 0.999884 -1.392100 0.000000 0.000000 0.000000 1.000000
0.999436 0.030366 -0.014360 -0.038100 -0.030404 0.999535 -0.002439 9.490500 0.014279 0.002875 0.999894 -1.392100 0.000000 0.000000 0.000000 1.000000
0.999432 0.030828 -0.013631 -0.038100 -0.030866 0.999520 -0.002595 9.490500 0.013545 0.003014 0.999904 -1.392100 0.000000 0.000000 0.000000 1.000000
0.999426 0.031349 -0.012859 -0.038100 -0.031388 0.999503 -0.002812 9.490500 0.012764 0.003214 0.999913 -1.392100 0.000000 0.000000 0.000000 1.000000
0.999418 0.031933 -0.011992 -0.038100 -0.031972 0.999484 -0.003079 9.490500 0.011888 0.003460 0.999923 -1.392100 0.000000 0.000000 0.000000 1.000000
0.999406 0.032659 -0.010993 -0.038100 -0.032697 0.999460 -0.003307 9.490500 0.010879 0.003665 0.999934 -1.392100 0.000000 0.000000 0.000000 1.000000
0.999387 0.033590 -0.009867 -0.038100 -0.033625 0.999429 -0.003442 9.490500 0.009745 0.003772 0.999945 -1.392100 0.000000 0.000000 0.000000 1.000000
0.999360 0.034708 -0.008649 -0.038100 -0.034740 0.999390 -0.003550 9.490500 0.008520 0.003848 0.999956 -1.392100 0.000000 0.000000 0.000000 1.000000
0.999328 0.035899 -0.007393 -0.038100 -0.035928 0.999347 -0.003802 9.490500 0.007251 0.004066 0.999965 -1.392100 0.000000 0.000000 0.000000 1.000000
0.999296 0.037021 -0.006159 -0.038100 -0.037048 0.999304 -0.004394 9.490500 0.005992 0.004619 0.999971 -1.392100 0.000000 0.000000 0.000000 1.000000
0.999264 0.038037 -0.004991 -0.038100 -0.038064 0.999261 -0.005435 9.490500 0.004780 0.005621 0.999973 -1.392100 0.000000 0.000000 0.000000 1.000000
0.999230 0.039036 -0.003919 -0.038100 -0.039063 0.999213 -0.006958 9.490500 0.003644 0.007106 0.999968 -1.392100 0.000000 0.000000 0.000000 1.000000
0.999190 0.040118 -0.002996 -0.038100 -0.040143 0.999154 -0.008903 9.490500 0.002636 0.009016 0.999956 -1.392100 0.000000 0.000000 0.000000 1.000000
0.999142 0.041360 -0.002270 -0.038100 -0.041383 0.999082 -0.011115 9.490500 0.001808 0.011199 0.999936 -1.392100 0.000000 0.000000 0.000000 1.000000
0.999081 0.042820 -0.001662 -0.038100 -0.042838 0.998993 -0.013337 9.490500 0.001089 0.013396 0.999910 -1.392100 0.000000 0.000000 0.000000 1.000000
0.999008 0.044513 -0.000935 -0.038100 -0.044522 0.998890 -0.015366 9.490500 0.000250 0.015393 0.999881 -1.392100 0.000000 0.000000 0.000000 1.000000
0.998924 0.046374 0.000165 -0.038100 -0.046365 0.998777 -0.017144 9.490500 -0.000960 0.017118 0.999853 -1.392100 0.000000 0.000000 0.000000 1.000000
0.998836 0.048210 0.001683 -0.038100 -0.048170 0.998664 -0.018694 9.490500 -0.002582 0.018591 0.999824 -1.392100 0.000000 0.000000 0.000000 1.000000
0.998754 0.049788 0.003316 -0.038100 -0.049712 0.998563 -0.020000 9.490500 -0.004307 0.019810 0.999794 -1.392100 0.000000 0.000000 0.000000 1.000000
0.998683 0.051090 0.004678 -0.038100 -0.050981 0.998479 -0.021010 9.490500 -0.005744 0.020744 0.999768 -1.392100 0.000000 0.000000 0.000000 1.000000
0.998609 0.052414 0.005653 -0.038100 -0.052279 0.998394 -0.021817 9.490500 -0.006788 0.021491 0.999746 -1.392100 0.000000 0.000000 0.000000 1.000000
0.998511 0.054169 0.006497 -0.038100 -0.054009 0.998282 -0.022712 9.490500 -0.007716 0.022327 0.999721 -1.392100 0.000000 0.000000 0.000000 1.000000
0.998362 0.056690 0.007704 -0.038100 -0.056490 0.998113 -0.024072 9.490500 -0.009054 0.023598 0.999681 -1.392100 0.000000 0.000000 0.000000 1.000000
0.998158 0.059904 0.009608 -0.038100 -0.059637 0.997880 -0.026049 9.490500 -0.011148 0.025428 0.999614 -1.392100 0.000000 0.000000 0.000000 1.000000
0.997922 0.063302 0.012048 -0.038100 -0.062941 0.997614 -0.028357 9.490500 -0.013814 0.027540 0.999525 -1.392100 0.000000 0.000000 0.000000 1.000000
0.997700 0.066231 0.014417 -0.038100 -0.065770 0.997371 -0.030411 9.490500 -0.016393 0.029393 0.999433 -1.392100 0.000000 0.000000 0.000000 1.000000
0.997535 0.068304 0.016087 -0.038100 -0.067768 0.997195 -0.031770 9.490500 -0.018212 0.030602 0.999366 -1.392100 0.000000 0.000000 0.000000 1.000000
0.997438 0.069542 0.016778 -0.038100 -0.068973 0.997092 -0.032420 9.490500 -0.018984 0.031180 0.999333 -1.392100 0.000000 0.000000 0.000000 1.000000
0.997397 0.070183 0.016551 -0.038100 -0.069616 0.997040 -0.032644 9.490500 -0.018793 0.031407 0.999330 -1.392100 0.000000 0.000000 0.000000 1.000000
0.997394 0.070433 0.015614 -0.038100 -0.069894 0.997018 -0.032714 9.490500 -0.017872 0.031538 0.999343 -1.392100 0.000000 0.000000 0.000000 1.000000
0.997422 0.070349 0.014180 -0.038100 -0.069856 0.997020 -0.032732 9.490500 -0.016440 0.031657 0.999364 -1.392100 0.000000 0.000000 0.000000 1.000000
0.997478 0.069876 0.012424 -0.038100 -0.069439 0.997050 -0.032695 9.490500 -0.014672 0.031749 0.999388 -1.392100 0.000000 0.000000 0.000000 1.000000
0.997566 0.068931 0.010495 -0.038100 -0.068557 0.997114 -0.032604 9.490500 -0.012712 0.031806 0.999413 -1.392100 0.000000 0.000000 0.000000 1.000000
0.997684 0.067477 0.008539 -0.038100 -0.067167 0.997213 -0.032476 9.490500 -0.010707 0.031827 0.999436 -1.392100 0.000000 0.000000 0.000000 1.000000
0.997829 0.065507 0.006737 -0.038100 -0.065257 0.997346 -0.032276 9.490500 -0.008833 0.031766 0.999456 -1.392100 0.000000 0.000000 0.000000 1.000000
0.997997 0.063042 0.005288 -0.038100 -0.062842 0.997513 -0.031901 9.490500 -0.007286 0.031505 0.999477 -1.392100 0.000000 0.000000 0.000000 1.000000
0.998178 0.060183 0.004337 -0.038100 -0.060019 0.997709 -0.031207 9.490500 -0.006205 0.030890 0.999504 -1.392100 0.000000 0.000000 0.000000 1.000000
0.998358 0.057159 0.003862 -0.038100 -0.057018 0.997920 -0.030063 9.490500 -0.005573 0.029793 0.999541 -1.392100 0.000000 0.000000 0.000000 1.000000
0.998520 0.054265 0.003629 -0.038100 -0.054140 0.998129 -0.028411 9.490500 -0.005164 0.028173 0.999590 -1.392100 0.000000 0.000000 0.000000 1.000000
0.998657 0.051695 0.003293 -0.038100 -0.051591 0.998322 -0.026303 9.490500 -0.004647 0.026097 0.999649 -1.392100 0.000000 0.000000 0.000000 1.000000
0.998773 0.049450 0.002551 -0.038100 -0.049375 0.998495 -0.023873 9.490500 -0.003727 0.023718 0.999712 -1.392100 0.000000 0.000000 0.000000 1.000000
0.998878 0.047347 0.001245 -0.038100 -0.047310 0.998654 -0.021261 9.490500 -0.002250 0.021179 0.999773 -1.392100 0.000000 0.000000 0.000000 1.000000
0.998981 0.045136 -0.000631 -0.038100 -0.045140 0.998809 -0.018532 9.490500 -0.000206 0.018542 0.999828 -1.392100 0.000000 0.000000 0.000000 1.000000
0.999089 0.042579 -0.003019 -0.038100 -0.042621 0.998968 -0.015693 9.490500 0.002347 0.015807 0.999872 -1.392100 0.000000 0.000000 0.000000 1.000000
0.999203 0.039500 -0.005802 -0.038100 -0.039572 0.999134 -0.012880 9.490500 0.005288 0.013100 0.999900 -1.392100 0.000000 0.000000 0.000000 1.000000
0.999297 0.036534 -0.008372 -0.038100 -0.036621 0.999275 -0.010422 9.490500 0.007985 0.010721 0.999911 -1.392100 0.000000 0.000000 0.000000 1.000000
0.999367 0.033988 -0.010471 -0.038100 -0.034078 0.999383 -0.008516 9.490500 0.010176 0.008867 0.999909 -1.392100 0.000000 0.000000 0.000000 1.000000
