<?xml version="1.0" encoding="utf-8"?>
<COLLADA xmlns="http://www.collada.org/2005/11/COLLADASchema" version="1.4.1">
  <asset><contributor><author>Mixamo</author><authoring_tool>COLLADA Mixamo exporter</authoring_tool><comments></comments></contributor><created>2018-10-06T11:38:11Z</created><modified>2018-10-06T11:38:11Z</modified><revision></revision><title></title><unit meter="0.010000"/><up_axis>Y_UP</up_axis></asset>
  <library_animations>
    <animation id="mixamorig_Hips-anim" name="mixamorig_Hips"><source id="mixamorig_Hips-Matrix-animation-input"><float_array id="mixamorig_Hips-Matrix-animation-input-array" count="60">

0.000000 0.033333 0.066667 0.100000 0.133333 0.166667 0.200000 0.233333 0.266667 0.300000 0.333333 0.366667 0.400000 0.433333 0.466667 0.500000
0.533333 0.566667 0.600000 0.633333 0.666667 0.700000 0.733333 0.766667 0.800000 0.833333 0.866667 0.900000 0.933333 0.966667 1.000000 1.033333
1.066667 1.100000 1.133333 1.166667 1.200000 1.233333 1.266667 1.300000 1.333333 1.366667 1.400000 1.433333 1.466667 1.500000 1.533333 1.566667
1.600000 1.633333 1.666667 1.700000 1.733333 1.766667 1.800000 1.833333 1.866667 1.900000 1.933333 1.966667</float_array><technique_common><accessor source="#mixamorig_Hips-Matrix-animation-input-array" count="60"><param name="TIME" type="float"/></accessor></technique_common></source><source id="mixamorig_Hips-Matrix-animation-output-transform"><float_array id="mixamorig_Hips-Matrix-animation-output-transform-array" count="960">

0.995290 -0.044576 0.086091 5.183810 0.050932 0.996023 -0.073103 100.683914 -0.082490 0.077143 0.993602 -0.000163 0.000000 0.000000 0.000000 1.000000
0.993509 -0.041778 0.105802 4.963603 0.048988 0.996584 -0.066490 100.076431 -0.102663 0.071241 0.992162 3.882441 0.000000 0.000000 0.000000 1.000000
0.992567 -0.027721 0.118496 4.738688 0.035820 0.997125 -0.066774 99.652252 -0.116304 0.070522 0.990707 7.499510 0.000000 0.000000 0.000000 1.000000
0.992416 -0.005363 0.122809 4.548232 0.014261 0.997325 -0.071685 99.110016 -0.122096 0.072893 0.989838 10.656629 0.000000 0.000000 0.000000 1.000000
0.993034 0.002739 0.117793 4.358410 0.006506 0.996930 -0.078027 98.937195 -0.117646 0.078250 0.989968 13.703619 0.000000 0.000000 0.000000 1.000000
0.994112 -0.000735 0.108356 4.161677 0.009604 0.996640 -0.081348 98.947540 -0.107932 0.081909 0.990778 16.551428 0.000000 0.000000 0.000000 1.000000
0.994816 -0.013777 0.100759 3.974479 0.021892 0.996563 -0.079891 99.108063 -0.099312 0.081682 0.991698 19.304483 0.000000 0.000000 0.000000 1.000000
0.994857 -0.030602 0.096555 3.854416 0.038361 0.996092 -0.079558 99.319000 -0.093743 0.082852 0.992143 22.043886 0.000000 0.000000 0.000000 1.000000
0.994744 -0.047132 0.090906 3.840474 0.055277 0.994472 -0.089269 99.528244 -0.086196 0.093824 0.991850 24.830019 0.000000 0.000000 0.000000 1.000000
0.994839 -0.064285 0.078509 3.892792 0.072835 0.991104 -0.111395 99.796082 -0.070649 0.116538 0.990670 27.673618 0.000000 0.000000 0.000000 1.000000
0.994739 -0.083370 0.059534 3.937197 0.090914 0.986263 -0.137916 100.184891 -0.047219 0.142603 0.988653 30.532673 0.000000 0.000000 0.000000 1.000000
0.993940 -0.102815 0.038881 3.951693 0.107723 0.981477 -0.158426 100.668869 -0.021873 0.161654 0.986605 33.369923 0.000000 0.000000 0.000000 1.000000
0.992454 -0.120744 0.021342 3.975225 0.122615 0.977943 -0.169092 101.175735 -0.000455 0.170433 0.985369 36.206627 0.000000 0.000000 0.000000 1.000000
0.990853 -0.134596 0.009718 4.050591 0.134240 0.975752 -0.172882 101.541908 0.013787 0.172605 0.984895 39.141426 0.000000 0.000000 0.000000 1.000000
0.989696 -0.143099 0.004964 4.148535 0.141756 0.974342 -0.174823 101.647408 0.020181 0.173725 0.984587 42.287148 0.000000 0.000000 0.000000 1.000000
0.989301 -0.145773 0.005871 4.202554 0.144473 0.973297 -0.178385 101.457588 0.020289 0.177325 0.983943 45.694401 0.000000 0.000000 0.000000 1.000000
0.989622 -0.143508 0.007370 4.180946 0.142391 0.972443 -0.184606 100.904968 0.019326 0.183740 0.982785 49.367165 0.000000 0.000000 0.000000 1.000000
0.990037 -0.140768 0.003227 4.136539 0.138748 0.971416 -0.192613 100.139259 0.023979 0.191141 0.981270 53.142872 0.000000 0.000000 0.000000 1.000000
0.989591 -0.143672 -0.008182 4.114599 0.139046 0.969281 -0.202879 99.222755 0.037078 0.199630 0.979170 57.013271 0.000000 0.000000 0.000000 1.000000
0.988152 -0.151759 -0.022933 4.150470 0.143261 0.965609 -0.216967 98.167351 0.055071 0.211111 0.975910 60.839066 0.000000 0.000000 0.000000 1.000000
0.986055 -0.162453 -0.036133 4.214063 0.149561 0.960238 -0.235741 96.962646 0.072993 0.227049 0.971144 64.535202 0.000000 0.000000 0.000000 1.000000
0.984096 -0.173226 -0.039334 4.212113 0.157597 0.953580 -0.256608 95.871384 0.081959 0.246328 0.965715 68.161255 0.000000 0.000000 0.000000 1.000000
0.985574 -0.167267 -0.025797 4.161507 0.154061 0.949773 -0.272389 95.633453 0.070063 0.264486 0.961841 71.955727 0.000000 0.000000 0.000000 1.000000
0.988777 -0.149402 -0.000384 4.080760 0.143376 0.949615 -0.278701 95.786819 0.042003 0.275518 0.960378 75.775497 0.000000 0.000000 0.000000 1.000000
0.991936 -0.123862 0.026855 4.075318 0.126418 0.951865 -0.279234 96.338547 0.009024 0.280377 0.959848 79.718597 0.000000 0.000000 0.000000 1.000000
0.993821 -0.098853 0.050485 4.118175 0.109034 0.954594 -0.277239 97.038910 -0.020787 0.281030 0.959474 83.715469 0.000000 0.000000 0.000000 1.000000
0.994850 -0.072837 0.070480 4.197215 0.089633 0.956873 -0.276334 97.678116 -0.047313 0.281228 0.958474 87.627647 0.000000 0.000000 0.000000 1.000000
0.994727 -0.046509 0.091407 4.275127 0.070525 0.957287 -0.280405 98.176826 -0.074462 0.285373 0.955520 91.474388 0.000000 0.000000 0.000000 1.000000
0.993000 -0.022552 0.115943 4.336651 0.055260 0.956254 -0.287272 98.469368 -0.104392 0.291669 0.950806 95.370224 0.000000 0.000000 0.000000 1.000000
0.989627 -0.008314 0.143422 4.332891 0.050433 0.954891 -0.292642 98.179581 -0.134519 0.296840 0.945405 99.539574 0.000000 0.000000 0.000000 1.000000
0.985976 -0.007231 0.166732 4.283988 0.056444 0.954635 -0.292380 96.986923 -0.157054 0.297691 0.941655 104.244110 0.000000 0.000000 0.000000 1.000000
0.984542 -0.009310 0.174900 4.240082 0.059770 0.956501 -0.285540 95.366592 -0.164634 0.291580 0.942272 109.324921 0.000000 0.000000 0.000000 1.000000
0.985730 -0.005234 0.168253 4.169862 0.052802 0.958685 -0.279527 93.898743 -0.159839 0.284422 0.945281 114.376953 0.000000 0.000000 0.000000 1.000000
0.988589 0.004290 0.150577 3.993641 0.039345 0.957542 -0.285597 93.203026 -0.145409 0.288263 0.946446 119.149094 0.000000 0.000000 0.000000 1.000000
0.992051 0.008905 0.125521 3.724762 0.029599 0.952994 -0.301541 93.338142 -0.122306 0.302859 0.945155 123.636772 0.000000 0.000000 0.000000 1.000000
0.994567 -0.004287 0.104013 3.416523 0.036957 0.948610 -0.314284 94.364799 -0.097320 0.316420 0.943614 128.077011 0.000000 0.000000 0.000000 1.000000
0.995455 -0.031354 0.089928 3.115577 0.058726 0.945450 -0.320430 95.933739 -0.074975 0.324254 0.942994 132.544510 0.000000 0.000000 0.000000 1.000000
0.995185 -0.062581 0.075434 2.851851 0.083772 0.942624 -0.323176 97.594460 -0.050881 0.327940 0.943327 137.055710 0.000000 0.000000 0.000000 1.000000
0.994156 -0.092905 0.054972 2.608421 0.105754 0.940391 -0.323236 99.069153 -0.021665 0.327160 0.944721 141.625015 0.000000 0.000000 0.000000 1.000000
0.993043 -0.113664 0.030753 2.366483 0.117520 0.940337 -0.319304 99.830879 0.007375 0.320697 0.947153 146.364777 0.000000 0.000000 0.000000 1.000000
0.992747 -0.119911 0.008669 2.037082 0.116702 0.943830 -0.309137 99.742821 0.028887 0.307907 0.950978 151.462997 0.000000 0.000000 0.000000 1.000000
0.993375 -0.114605 -0.008505 1.681958 0.107200 0.950766 -0.290779 98.888840 0.041412 0.287941 0.956752 157.049301 0.000000 0.000000 0.000000 1.000000
0.994452 -0.102516 -0.023557 1.284441 0.092643 0.959672 -0.265420 97.342163 0.049816 0.261765 0.963845 163.150101 0.000000 0.000000 0.000000 1.000000
0.994437 -0.096250 -0.042781 0.808917 0.083391 0.967569 -0.238447 95.350372 0.064344 0.233553 0.970213 169.575684 0.000000 0.000000 0.000000 1.000000
0.992406 -0.104774 -0.064447 0.310067 0.088566 0.972204 -0.216736 92.979813 0.085364 0.209383 0.974101 176.232483 0.000000 0.000000 0.000000 1.000000
0.988746 -0.135313 -0.063803 -0.093182 0.119976 0.971983 -0.202127 90.770699 0.089366 0.192198 0.977279 182.608215 0.000000 0.000000 0.000000 1.000000
0.982732 -0.182631 -0.029719 -0.290419 0.173825 0.966271 -0.190014 88.917175 0.063419 0.181567 0.981331 187.996704 0.000000 0.000000 0.000000 1.000000
0.978295 -0.206827 0.012709 -0.206622 0.205855 0.963015 -0.173855 88.861710 0.023719 0.172698 0.984689 193.280777 0.000000 0.000000 0.000000 1.000000
0.978581 -0.200174 0.048058 0.104256 0.205188 0.967299 -0.149098 90.198799 -0.016641 0.155766 0.987654 198.448120 0.000000 0.000000 0.000000 1.000000
0.981776 -0.171760 0.081333 0.596337 0.180405 0.976882 -0.114699 92.310226 -0.059752 0.127281 0.990065 203.520630 0.000000 0.000000 0.000000 1.000000
0.983850 -0.144386 0.105793 1.132853 0.153979 0.984065 -0.088918 94.662895 -0.091269 0.103771 0.990405 208.688339 0.000000 0.000000 0.000000 1.000000
0.985519 -0.123205 0.116500 1.699272 0.132604 0.988199 -0.076674 96.793388 -0.105679 0.091012 0.990227 213.600006 0.000000 0.000000 0.000000 1.000000
0.987349 -0.105265 0.118579 2.300719 0.114390 0.990753 -0.072957 98.471611 -0.109803 0.085598 0.990261 218.257141 0.000000 0.000000 0.000000 1.000000
0.988874 -0.090080 0.118378 2.904592 0.099006 0.992493 -0.071806 99.703377 -0.111021 0.082728 0.990369 222.737091 0.000000 0.000000 0.000000 1.000000
0.990196 -0.075414 0.117580 3.470676 0.084001 0.994014 -0.069863 100.481339 -0.111607 0.079055 0.990603 226.973129 0.000000 0.000000 0.000000 1.000000
0.991377 -0.063366 0.114706 3.943869 0.071608 0.995028 -0.069217 100.915977 -0.109749 0.076834 0.990985 230.954880 0.000000 0.000000 0.000000 1.000000
0.992388 -0.055465 0.109950 4.330868 0.063349 0.995564 -0.069560 101.057114 -0.105604 0.075995 0.991500 234.635254 0.000000 0.000000 0.000000 1.000000
0.993381 -0.050697 0.103068 4.646892 0.058140 0.995813 -0.070543 101.027611 -0.099061 0.076068 0.992170 238.271378 0.000000 0.000000 0.000000 1.000000
0.994321 -0.048793 0.094582 4.914004 0.055717 0.995847 -0.072003 100.818863 -0.090676 0.076864 0.992910 242.061798 0.000000 0.000000 0.000000 1.000000
0.995289 -0.044600 0.086088 5.184052 0.050956 0.996022 -0.073103 100.681618 -0.082486 0.077145 0.993602 245.284744 0.000000 0.000000 0.000000 1.000000</float_array><technique_common><accessor source="#mixamorig_Hips-Matrix-animation-output-transform-array" count="60" stride="16"><param type="float4x4"/></accessor></technique_common></source><source id="mixamorig_Hips-Interpolations"><Name_array id="mixamorig_Hips-Interpolations-array" count="60">
 LINEAR LINEAR LINEAR LINEAR LINEAR LINEAR LINEAR LINEAR LINEAR LINEAR LINEAR
LINEAR LINEAR LINEAR LINEAR LINEAR LINEAR LINEAR LINEAR LINEAR LINEAR LINEAR LINEAR
LINEAR LINEAR LINEAR LINEAR LINEAR LINEAR LINEAR LINEAR LINEAR LINEAR LINEAR LINEAR
LINEAR LINEAR LINEAR LINEAR LINEAR LINEAR LINEAR LINEAR LINEAR LINEAR LINEAR LINEAR
LINEAR LINEAR LINEAR LINEAR LINEAR LINEAR LINEAR LINEAR LINEAR LINEAR LINEAR LINEAR
LINEAR</Name_array><technique_common><accessor source="#mixamorig_Hips-Interpolations-array" count="60"><param type="name"/></accessor></technique_common></source><sampler id="mixamorig_Hips-Matrix-animation-transform"><input semantic="INPUT" source="#mixamorig_Hips-Matrix-animation-input"/><input semantic="OUTPUT" source="#mixamorig_Hips-Matrix-animation-output-transform"/><input semantic="INTERPOLATION" source="#mixamorig_Hips-Interpolations"/></sampler><channel source="#mixamorig_Hips-Matrix-animation-transform" target="mixamorig_Hips/matrix"/></animation>
    <animation id="mixamorig_Spine-anim" name="mixamorig_Spine"><source id="mixamorig_Spine-Matrix-animation-input"><float_array id="mixamorig_Spine-Matrix-animation-input-array" count="60">

0.000000 0.033333 0.066667 0.100000 0.133333 0.166667 0.200000 0.233333 0.266667 0.300000 0.333333 0.366667 0.400000 0.433333 0.466667 0.500000
0.533333 0.566667 0.600000 0.633333 0.666667 0.700000 0.733333 0.766667 0.800000 0.833333 0.866667 0.900000 0.933333 0.966667 1.000000 1.033333
1.066667 1.100000 1.133333 1.166667 1.200000 1.233333 1.266667 1.300000 1.333333 1.366667 1.400000 1.433333 1.466667 1.500000 1.533333 1.566667
1.600000 1.633333 1.666667 1.700000 1.733333 1.766667 1.800000 1.833333 1.866667 1.900000 1.933333 1.966667</float_array><technique_common><accessor source="#mixamorig_Spine-Matrix-animation-input-array" count="60"><param name="TIME" type="float"/></accessor></technique_common></source><source id="mixamorig_Spine-Matrix-animation-output-transform"><float_array id="mixamorig_Spine-Matrix-animation-output-transform-array" count="960">

0.997600 0.002268 -0.069201 -0.038100 -0.003592 0.999813 -0.019006 9.490500 0.069145 0.019209 0.997422 -1.392100 0.000000 0.000000 0.000000 1.000000
0.997968 -0.006423 -0.063391 -0.038100 0.005172 0.999789 -0.019883 9.490500 0.063506 0.019514 0.997791 -1.392100 0.000000 0.000000 0.000000 1.000000
0.998323 -0.017038 -0.055322 -0.038100 0.015983 0.999683 -0.019459 9.490500 0.055636 0.018542 0.998279 -1.392100 0.000000 0.000000 0.000000 1.000000
0.998360 -0.033573 -0.046364 -0.038100 0.032745 0.999293 -0.018491 9.490500 0.046952 0.016943 0.998753 -1.392100 0.000000 0.000000 0.000000 1.000000
0.998591 -0.039035 -0.035952 -0.038100 0.038414 0.999103 -0.017809 9.490500 0.036615 0.016403 0.999195 -1.392100 0.000000 0.000000 0.000000 1.000000
0.998928 -0.038523 -0.025651 -0.038100 0.038026 0.999085 -0.019591 9.490500 0.026383 0.018595 0.999479 -1.392100 0.000000 0.000000 0.000000 1.000000
0.999300 -0.033134 -0.017378 -0.038100 0.032706 0.999168 -0.024350 9.490500 0.018171 0.023764 0.999552 -1.392100 0.000000 0.000000 0.000000 1.000000
0.999594 -0.026185 -0.011255 -0.038100 0.025834 0.999208 -0.030271 9.490500 0.012039 0.029968 0.999478 -1.392100 0.000000 0.000000 0.000000 1.000000
0.999784 -0.020035 -0.005484 -0.038100 0.019832 0.999197 -0.034807 9.490500 0.006177 0.034690 0.999379 -1.392100 0.000000 0.000000 0.000000 1.000000
0.999901 -0.014008 0.001299 -0.038100 0.014047 0.999218 -0.036971 9.490500 -0.000780 0.036986 0.999315 -1.392100 0.000000 0.000000 0.000000 1.000000
0.999945 -0.006430 0.008277 -0.038100 0.006739 0.999261 -0.037853 9.490500 -0.008028 0.037907 0.999249 -1.392100 0.000000 0.000000 0.000000 1.000000
0.999902 0.002920 0.013708 -0.038100 -0.002382 0.999234 -0.039069 9.490500 -0.013811 0.039032 0.999142 -1.392100 0.000000 0.000000 0.000000 1.000000
0.999776 0.012936 0.016755 -0.038100 -0.012238 0.999078 -0.041150 9.490500 -0.017271 0.040936 0.999012 -1.392100 0.000000 0.000000 0.000000 1.000000
0.999638 0.020147 0.017855 -0.038100 -0.019348 0.998853 -0.043794 9.490500 -0.018717 0.043433 0.998881 -1.392100 0.000000 0.000000 0.000000 1.000000
0.999567 0.023744 0.017397 -0.038100 -0.022908 0.998644 -0.046752 9.490500 -0.018484 0.046334 0.998755 -1.392100 0.000000 0.000000 0.000000 1.000000
0.999551 0.025830 0.015164 -0.038100 -0.025046 0.998445 -0.049811 9.490500 -0.016428 0.049409 0.998644 -1.392100 0.000000 0.000000 0.000000 1.000000
0.999539 0.028132 0.011386 -0.038100 -0.027498 0.998248 -0.052386 9.490500 -0.012840 0.052049 0.998562 -1.392100 0.000000 0.000000 0.000000 1.000000
0.999484 0.031339 0.006998 -0.038100 -0.030920 0.998087 -0.053544 9.490500 -0.008663 0.053300 0.998541 -1.392100 0.000000 0.000000 0.000000 1.000000
0.999326 0.036691 0.001374 -0.038100 -0.036566 0.997913 -0.053224 9.490500 -0.003324 0.053138 0.998582 -1.392100 0.000000 0.000000 0.000000 1.000000
0.999020 0.043875 -0.005901 -0.038100 -0.044122 0.997690 -0.051657 9.490500 0.003621 0.051866 0.998647 -1.392100 0.000000 0.000000 0.000000 1.000000
0.998492 0.052825 -0.014921 -0.038100 -0.053509 0.997319 -0.049922 9.490500 0.012244 0.050645 0.998642 -1.392100 0.000000 0.000000 0.000000 1.000000
0.997688 0.062768 -0.026062 -0.038100 -0.063997 0.996729 -0.049358 9.490500 0.022879 0.050912 0.998441 -1.392100 0.000000 0.000000 0.000000 1.000000
0.997473 0.060595 -0.037105 -0.038100 -0.062451 0.996739 -0.051106 9.490500 0.033888 0.053294 0.998004 -1.392100 0.000000 0.000000 0.000000 1.000000
0.997501 0.052237 -0.047563 -0.038100 -0.054849 0.996959 -0.055360 9.490500 0.044527 0.057831 0.997333 -1.392100 0.000000 0.000000 0.000000 1.000000
0.997742 0.036947 -0.056095 -0.038100 -0.040415 0.997258 -0.062001 9.490500 0.053650 0.064128 0.996498 -1.392100 0.000000 0.000000 0.000000 1.000000
0.997899 0.019410 -0.061815 -0.038100 -0.023774 0.997218 -0.070648 9.490500 0.060271 0.071969 0.995584 -1.392100 0.000000 0.000000 0.000000 1.000000
0.997897 -0.000246 -0.064819 -0.038100 -0.004987 0.996737 -0.080564 9.490500 0.064627 0.080718 0.994640 -1.392100 0.000000 0.000000 0.000000 1.000000
0.997556 -0.020244 -0.066879 -0.038100 0.014148 0.995805 -0.090396 9.490500 0.068429 0.089229 0.993658 -1.392100 0.000000 0.000000 0.000000 1.000000
0.996916 -0.039591 -0.067755 -0.038100 0.032743 0.994512 -0.099367 9.490500 0.071317 0.096842 0.992741 -1.392100 0.000000 0.000000 0.000000 1.000000
0.996347 -0.053290 -0.066732 -0.038100 0.045961 0.993206 -0.106906 9.490500 0.071976 0.103449 0.992027 -1.392100 0.000000 0.000000 0.000000 1.000000
0.996291 -0.059826 -0.061847 -0.038100 0.052467 0.992044 -0.114440 9.490500 0.068201 0.110771 0.991503 -1.392100 0.000000 0.000000 0.000000 1.000000
0.996546 -0.067214 -0.048762 -0.038100 0.060726 0.990405 -0.124142 9.490500 0.056638 0.120752 0.991066 -1.392100 0.000000 0.000000 0.000000 1.000000
0.996379 -0.080116 -0.028479 -0.038100 0.075580 0.987958 -0.135005 9.490500 0.038952 0.132363 0.990436 -1.392100 0.000000 0.000000 0.000000 1.000000
0.995573 -0.093728 -0.007036 -0.038100 0.091756 0.985397 -0.143435 9.490500 0.020377 0.142155 0.989635 -1.392100 0.000000 0.000000 0.000000 1.000000
0.994920 -0.100279 0.008805 -0.038100 0.100480 0.983989 -0.147208 9.490500 0.006098 0.147345 0.989066 -1.392100 0.000000 0.000000 0.000000 1.000000
0.995338 -0.095168 0.015676 -0.038100 0.096440 0.984367 -0.147383 9.490500 -0.001405 0.148207 0.988955 -1.392100 0.000000 0.000000 0.000000 1.000000
0.996339 -0.083865 0.016584 -0.038100 0.085390 0.985641 -0.145670 9.490500 -0.004129 0.146553 0.989194 -1.392100 0.000000 0.000000 0.000000 1.000000
0.997420 -0.070037 0.015784 -0.038100 0.071576 0.987159 -0.142810 9.490500 -0.005579 0.143571 0.989624 -1.392100 0.000000 0.000000 0.000000 1.000000
0.998433 -0.053732 0.015655 -0.038100 0.055396 0.988633 -0.139772 9.490500 -0.007967 0.140420 0.990060 -1.392100 0.000000 0.000000 0.000000 1.000000
0.998947 -0.041618 0.019329 -0.038100 0.043882 0.989566 -0.137233 9.490500 -0.013416 0.137937 0.990350 -1.392100 0.000000 0.000000 0.000000 1.000000
0.998977 -0.036790 0.026281 -0.038100 0.040004 0.990089 -0.134625 9.490500 -0.021068 0.135539 0.990548 -1.392100 0.000000 0.000000 0.000000 1.000000
0.998863 -0.034360 0.033040 -0.038100 0.038429 0.990549 -0.131668 9.490500 -0.028203 0.132788 0.990743 -1.392100 0.000000 0.000000 0.000000 1.000000
0.998869 -0.029670 0.037164 -0.038100 0.034270 0.990924 -0.129980 9.490500 -0.032970 0.131106 0.990820 -1.392100 0.000000 0.000000 0.000000 1.000000
0.999282 -0.014569 0.034982 -0.038100 0.019060 0.991106 -0.131704 9.490500 -0.032753 0.132276 0.990672 -1.392100 0.000000 0.000000 0.000000 1.000000
0.999596 0.008409 0.027153 -0.038100 -0.004682 0.990903 -0.134495 9.490500 -0.028037 0.134313 0.990542 -1.392100 0.000000 0.000000 0.000000 1.000000
0.999324 0.034225 0.013417 -0.038100 -0.032138 0.990581 -0.133103 9.490500 -0.017846 0.132581 0.991011 -1.392100 0.000000 0.000000 0.000000 1.000000
0.998155 0.060689 -0.001840 -0.038100 -0.060439 0.990231 -0.125659 9.490500 -0.005804 0.125538 0.992072 -1.392100 0.000000 0.000000 0.000000 1.000000
0.997582 0.069014 -0.008178 -0.038100 -0.069497 0.991039 -0.114066 9.490500 0.000233 0.114358 0.993440 -1.392100 0.000000 0.000000 0.000000 1.000000
0.997747 0.066624 -0.007858 -0.038100 -0.067078 0.992621 -0.101018 9.490500 0.001070 0.101317 0.994854 -1.392100 0.000000 0.000000 0.000000 1.000000
0.998334 0.057290 -0.006847 -0.038100 -0.057671 0.994427 -0.088257 9.490500 0.001752 0.088505 0.996074 -1.392100 0.000000 0.000000 0.000000 1.000000
0.998993 0.044116 -0.008172 -0.038100 -0.044618 0.995986 -0.077590 9.490500 0.004716 0.077876 0.996952 -1.392100 0.000000 0.000000 0.000000 1.000000
0.999382 0.033332 -0.011201 -0.038100 -0.034032 0.996998 -0.069553 9.490500 0.008849 0.069891 0.997515 -1.392100 0.000000 0.000000 0.000000 1.000000
0.999554 0.025332 -0.015823 -0.038100 -0.026282 0.997664 -0.063055 9.490500 0.014189 0.063443 0.997885 -1.392100 0.000000 0.000000 0.000000 1.000000
0.999564 0.019364 -0.022285 -0.038100 -0.020603 0.998174 -0.056783 9.490500 0.021144 0.057217 0.998138 -1.392100 0.000000 0.000000 0.000000 1.000000
0.999505 0.012272 -0.028953 -0.038100 -0.013722 0.998633 -0.050439 9.490500 0.028294 0.050812 0.998307 -1.392100 0.000000 0.000000 0.000000 1.000000
0.999369 0.005346 -0.035102 -0.038100 -0.006907 0.998985 -0.044518 9.490500 0.034828 0.044732 0.998392 -1.392100 0.000000 0.000000 0.000000 1.000000
0.999110 0.001026 -0.042175 -0.038100 -0.002660 0.999247 -0.038709 9.490500 0.042103 0.038787 0.998360 -1.392100 0.000000 0.000000 0.000000 1.000000
0.998718 -0.000359 -0.050628 -0.038100 -0.001286 0.999472 -0.032451 9.490500 0.050613 0.032475 0.998190 -1.392100 0.000000 0.000000 0.000000 1.000000
0.998195 0.001662 -0.060035 -0.038100 -0.003210 0.999665 -0.025693 9.490500 0.059972 0.025839 0.997866 -1.392100 0.000000 0.000000 0.000000 1.000000
0.997600 0.002292 -0.069199 -0.038100 -0.003616 0.999813 -0.019005 9.490500 0.069142 0.019209 0.997422 -1.392100 0.000000 0.000000 0.000000 1.000000</float_array><technique_common><accessor source="#mixamorig_Spine-Matrix-animation-output-transform-array" count="60" stride="16"><param type="float4x4"/></accessor></technique_common></source><source id="mixamorig_Spine-Interpolations"><Name_array id="mixamorig_Spine-Interpolations-array" count="60">
 LINEAR LINEAR LINEAR LINEAR LINEAR LINEAR LINEAR LINEAR LINEAR LINEAR LINEAR
LINEAR LINEAR LINEAR LINEAR LINEAR LINEAR LINEAR LINEAR LINEAR LINEAR LINEAR LINEAR
LINEAR LINEAR LINEAR LINEAR LINEAR LINEAR LINEAR LINEAR LINEAR LINEAR LINEAR LINEAR
LINEAR LINEAR LINEAR LINEAR LINEAR LINEAR LINEAR LINEAR LINEAR LINEAR LINEAR LINEAR
LINEAR LINEAR LINEAR LINEAR LINEAR LINEAR LINEAR LINEAR LINEAR LINEAR LINEAR LINEAR
LINEAR</Name_array><technique_common><accessor source="#mixamorig_Spine-Interpolations-array" count="60"><param type="name"/></accessor></technique_common></source><sampler id="mixamorig_Spine-Matrix-animation-transform"><input semantic="INPUT" source="#mixamorig_Spine-Matrix-animation-input"/><input semantic="OUTPUT" source="#mixamorig_Spine-Matrix-animation-output-transform"/><input semantic="INTERPOLATION" source="#mixamorig_Spine-Interpolations"/></sampler><channel source="#mixamorig_Spine-Matrix-animation-transform" target="mixamorig_Spine/matrix"/></animation>
    <animation id="mixamorig_Spine1-anim" name="mixamorig_Spine1"><source id="mixamorig_Spine1-Matrix-animation-input"><float_array id="mixamorig_Spine1-Matrix-animation-input-array" count="60">

0.000000 0.033333 0.066667 0.100000 0.133333 0.166667 0.200000 0.233333 0.266667 0.300000 0.333333 0.366667 0.400000 0.433333 0.466667 0.500000
0.533333 0.566667 0.600000 0.633333 0.666667 0.700000 0.733333 0.766667 0.800000 0.833333 0.866667 0.900000 0.933333 0.966667 1.000000 1.033333
1.066667 1.100000 1.133333 1.166667 1.200000 1.233333 1.266667 1.300000 1.333333 1.366667 1.400000 1.433333 1.466667 1.500000 1.533333 1.566667
1.600000 1.633333 1.666667 1.700000 1.733333 1.766667 1.800000 1.833333 1.866667 1.900000 1.933333 1.966667</float_array><technique_common><accessor source="#mixamorig_Spine1-Matrix-animation-input-array" count="60"><param name="TIME" type="float"/></accessor></technique_common></source><source id="mixamorig_Spine1-Matrix-animation-output-transform"><float_array id="mixamorig_Spine1-Matrix-animation-output-transform-array" count="960">

0.988169 -0.019519 -0.152120 -0.044200 0.013674 0.999131 -0.039371 11.072300 0.152756 0.036825 0.987578 -1.624100 0.000000 0.000000 0.000000 1.000000
0.989054 -0.017718 -0.146486 -0.044200 0.012087 0.999157 -0.039240 11.072300 0.147058 0.037040 0.988434 -1.624100 0.000000 0.000000 0.000000 1.000000
0.990866 -0.018599 -0.133561 -0.044200 0.013672 0.999195 -0.037710 11.072300 0.134155 0.035539 0.990323 -1.624100 0.000000 0.000000 0.000000 1.000000
0.993216 -0.018778 -0.114755 -0.044200 0.014772 0.999255 -0.035659 11.072300 0.115339 0.033722 0.992754 -1.624100 0.000000 0.000000 0.000000 1.000000
0.995646 -0.015129 -0.091975 -0.044200 0.011924 0.999306 -0.035292 11.072300 0.092445 0.034042 0.995136 -1.624100 0.000000 0.000000 0.000000 1.000000
0.997599 -0.006463 -0.068949 -0.044200 0.003731 0.999206 -0.039669 11.072300 0.069151 0.039317 0.996831 -1.624100 0.000000 0.000000 0.000000 1.000000
0.998757 0.006652 -0.049391 -0.044200 -0.009091 0.998741 -0.049325 11.072300 0.049001 0.049713 0.997561 -1.624100 0.000000 0.000000 0.000000 1.000000
0.999189 0.022022 -0.033714 -0.044200 -0.024039 0.997871 -0.060628 11.072300 0.032307 0.061390 0.997591 -1.624100 0.000000 0.000000 0.000000 1.000000
0.999134 0.036897 -0.019217 -0.044200 -0.038139 0.996897 -0.068856 11.072300 0.016617 0.069529 0.997442 -1.624100 0.000000 0.000000 0.000000 1.000000
0.998749 0.049862 -0.003727 -0.044200 -0.050001 0.996120 -0.072415 11.072300 0.000102 0.072511 0.997368 -1.624100 0.000000 0.000000 0.000000 1.000000
0.998072 0.060901 0.011962 -0.044200 -0.059861 0.995487 -0.073640 11.072300 -0.016392 0.072782 0.997213 -1.624100 0.000000 0.000000 0.000000 1.000000
0.997188 0.070528 0.025347 -0.044200 -0.068431 0.994774 -0.075769 11.072300 -0.030559 0.073821 0.996803 -1.624100 0.000000 0.000000 0.000000 1.000000
0.996257 0.079176 0.034682 -0.044200 -0.076205 0.993883 -0.079934 11.072300 -0.040799 0.076991 0.996197 -1.624100 0.000000 0.000000 0.000000 1.000000
0.995437 0.086859 0.039500 -0.044200 -0.083233 0.992842 -0.085656 11.072300 -0.046658 0.081977 0.995541 -1.624100 0.000000 0.000000 0.000000 1.000000
0.994895 0.092630 0.040045 -0.044200 -0.088631 0.991791 -0.092170 11.072300 -0.048254 0.088151 0.994938 -1.624100 0.000000 0.000000 0.000000 1.000000
0.994780 0.095027 0.037178 -0.044200 -0.090985 0.990975 -0.098444 11.072300 -0.046197 0.094547 0.994448 -1.624100 0.000000 0.000000 0.000000 1.000000
0.995053 0.093981 0.032218 -0.044200 -0.090221 0.990575 -0.103056 11.072300 -0.041599 0.099639 0.994154 -1.624100 0.000000 0.000000 0.000000 1.000000
0.995389 0.092140 0.026668 -0.044200 -0.088888 0.990534 -0.104602 11.072300 -0.036053 0.101750 0.994157 -1.624100 0.000000 0.000000 0.000000 1.000000
0.995680 0.091031 0.018271 -0.044200 -0.088680 0.990695 -0.103240 11.072300 -0.027499 0.101174 0.994489 -1.624100 0.000000 0.000000 0.000000 1.000000
0.995941 0.089847 0.005381 -0.044200 -0.088869 0.991059 -0.099524 11.072300 -0.014275 0.098642 0.995021 -1.624100 0.000000 0.000000 0.000000 1.000000
0.996215 0.086073 -0.012101 -0.044200 -0.086837 0.991637 -0.095477 11.072300 0.003782 0.096166 0.995358 -1.624100 0.000000 0.000000 0.000000 1.000000
0.996358 0.078388 -0.033544 -0.044200 -0.081231 0.992245 -0.094084 11.072300 0.025909 0.096466 0.994999 -1.624100 0.000000 0.000000 0.000000 1.000000
0.996264 0.064876 -0.056997 -0.044200 -0.070225 0.992756 -0.097490 11.072300 0.050259 0.101129 0.993603 -1.624100 0.000000 0.000000 0.000000 1.000000
0.995822 0.044586 -0.079695 -0.044200 -0.052941 0.992956 -0.105997 11.072300 0.074407 0.109773 0.991168 -1.624100 0.000000 0.000000 0.000000 1.000000
0.994829 0.020348 -0.099509 -0.044200 -0.032178 0.992401 -0.118762 11.072300 0.096336 0.121349 0.987924 -1.624100 0.000000 0.000000 0.000000 1.000000
0.993397 -0.003454 -0.114675 -0.044200 -0.012107 0.990809 -0.134723 11.072300 0.114087 0.135222 0.984225 -1.624100 0.000000 0.000000 0.000000 1.000000
0.991692 -0.025957 -0.125988 -0.044200 0.006522 0.988315 -0.152288 11.072300 0.128469 0.150201 0.980273 -1.624100 0.000000 0.000000 0.000000 1.000000
0.989456 -0.048200 -0.136578 -0.044200 0.024587 0.985212 -0.169568 11.072300 0.142732 0.164422 0.976009 -1.624100 0.000000 0.000000 0.000000 1.000000
0.986701 -0.068757 -0.147288 -0.044200 0.040745 0.981823 -0.185376 11.072300 0.157357 0.176909 0.971567 -1.624100 0.000000 0.000000 0.000000 1.000000
0.984164 -0.085209 -0.155439 -0.044200 0.053333 0.978594 -0.198770 11.072300 0.169048 0.187332 0.967641 -1.624100 0.000000 0.000000 0.000000 1.000000
0.983191 -0.096704 -0.154868 -0.044200 0.062614 0.975364 -0.211530 11.072300 0.171509 0.198278 0.965024 -1.624100 0.000000 0.000000 0.000000 1.000000
0.984634 -0.104211 -0.140129 -0.044200 0.070578 0.971447 -0.226515 11.072300 0.159733 0.213145 0.963875 -1.624100 0.000000 0.000000 0.000000 1.000000
0.987607 -0.110232 -0.111722 -0.044200 0.080442 0.966745 -0.242760 11.072300 0.134767 0.230764 0.963632 -1.624100 0.000000 0.000000 0.000000 1.000000
0.990473 -0.115611 -0.074810 -0.044200 0.092998 0.962252 -0.255779 11.072300 0.101557 0.246385 0.963836 -1.624100 0.000000 0.000000 0.000000 1.000000
0.992533 -0.115259 -0.039915 -0.044200 0.100875 0.959613 -0.262618 11.072300 0.068572 0.256631 0.964074 -1.624100 0.000000 0.000000 0.000000 1.000000
0.994397 -0.104376 -0.016715 -0.044200 0.096271 0.959553 -0.264558 11.072300 0.043653 0.261466 0.964225 -1.624100 0.000000 0.000000 0.000000 1.000000
0.996349 -0.085282 -0.003948 -0.044200 0.081223 0.961149 -0.263810 11.072300 0.026293 0.262526 0.964567 -1.624100 0.000000 0.000000 0.000000 1.000000
0.998055 -0.062114 0.005261 -0.044200 0.061324 0.963212 -0.261651 11.072300 0.011185 0.261465 0.965148 -1.624100 0.000000 0.000000 0.000000 1.000000
0.999134 -0.038425 0.015957 -0.044200 0.041254 0.964751 -0.259910 11.072300 -0.005408 0.260343 0.965501 -1.624100 0.000000 0.000000 0.000000 1.000000
0.999450 -0.017644 0.028082 -0.044200 0.024344 0.965328 -0.259901 11.072300 -0.022523 0.260442 0.965227 -1.624100 0.000000 0.000000 0.000000 1.000000
0.999230 -0.000870 0.039214 -0.044200 0.011073 0.965346 -0.260737 11.072300 -0.037628 0.260970 0.964613 -1.624100 0.000000 0.000000 0.000000 1.000000
0.998754 0.013008 0.048183 -0.044200 0.000016 0.965353 -0.260948 11.072300 -0.049908 0.260624 0.964150 -1.624100 0.000000 0.000000 0.000000 1.000000
0.998042 0.026528 0.056637 -0.044200 -0.010848 0.965288 -0.260961 11.072300 -0.061594 0.259836 0.963686 -1.624100 0.000000 0.000000 0.000000 1.000000
0.996882 0.043091 0.066096 -0.044200 -0.024345 0.964809 -0.261823 11.072300 -0.075052 0.259398 0.962850 -1.624100 0.000000 0.000000 0.000000 1.000000
0.995465 0.063938 0.070433 -0.044200 -0.043472 0.964354 -0.261021 11.072300 -0.084611 0.256775 0.962760 -1.624100 0.000000 0.000000 0.000000 1.000000
0.994651 0.084038 0.060056 -0.044200 -0.066243 0.965100 -0.253367 11.072300 -0.079252 0.248034 0.965504 -1.624100 0.000000 0.000000 0.000000 1.000000
0.994738 0.094594 0.039358 -0.044200 -0.082641 0.967862 -0.237515 11.072300 -0.060561 0.233012 0.970586 -1.624100 0.000000 0.000000 0.000000 1.000000
0.995552 0.090994 0.024440 -0.044200 -0.083593 0.972711 -0.216438 11.072300 -0.043467 0.213432 0.975990 -1.624100 0.000000 0.000000 0.000000 1.000000
0.997017 0.074703 0.019416 -0.044200 -0.069558 0.978635 -0.193483 11.072300 -0.033454 0.191555 0.980911 -1.624100 0.000000 0.000000 0.000000 1.000000
0.998565 0.050855 0.016754 -0.044200 -0.047241 0.984063 -0.171428 11.072300 -0.025205 0.170390 0.985054 -1.624100 0.000000 0.000000 0.000000 1.000000
0.999538 0.027790 0.012288 -0.044200 -0.025584 0.987882 -0.153081 11.072300 -0.016393 0.152696 0.988137 -1.624100 0.000000 0.000000 0.000000 1.000000
0.999925 0.011449 0.004273 -0.044200 -0.010745 0.990254 -0.138857 11.072300 -0.005821 0.138801 0.990303 -1.624100 0.000000 0.000000 0.000000 1.000000
0.999946 0.001950 -0.010253 -0.044200 -0.003234 0.991935 -0.126706 11.072300 0.009923 0.126732 0.991887 -1.624100 0.000000 0.000000 0.000000 1.000000
0.999524 -0.003906 -0.030600 -0.044200 0.000384 0.993450 -0.114267 11.072300 0.030846 0.114201 0.992979 -1.624100 0.000000 0.000000 0.000000 1.000000
0.998605 -0.008594 -0.052099 -0.044200 0.003283 0.994862 -0.101187 11.072300 0.052701 0.100875 0.993502 -1.624100 0.000000 0.000000 0.000000 1.000000
0.997299 -0.012808 -0.072326 -0.044200 0.006350 0.996027 -0.088819 11.072300 0.073176 0.088120 0.993418 -1.624100 0.000000 0.000000 0.000000 1.000000
0.995630 -0.015944 -0.092014 -0.044200 0.008845 0.996988 -0.077049 11.072300 0.092965 0.075898 0.992772 -1.624100 0.000000 0.000000 0.000000 1.000000
0.993543 -0.017745 -0.112063 -0.044200 0.010507 0.997840 -0.064849 11.072300 0.112971 0.063253 0.991583 -1.624100 0.000000 0.000000 0.000000 1.000000
0.991053 -0.018638 -0.132162 -0.044200 0.011830 0.998571 -0.052109 11.072300 0.132944 0.050079 0.989858 -1.624100 0.000000 0.000000 0.000000 1.000000
0.988169 -0.019519 -0.152120 -0.044200 0.013674 0.999131 -0.039371 11.072300 0.152756 0.036825 0.987578 -1.624100 0.000000 0.000000 0.000000 1.000000</float_array><technique_common><accessor source="#mixamorig_Spine1-Matrix-animation-output-transform-array" count="60" stride="16"><param type="float4x4"/></accessor></technique_common></source><source id="mixamorig_Spine1-Interpolations"><Name_array id="mixamorig_Spine1-Interpolations-array" count="60">
 LINEAR LINEAR LINEAR LINEAR LINEAR LINEAR LINEAR LINEAR LINEAR LINEAR LINEAR
LINEAR LINEAR LINEAR LINEAR LINEAR LINEAR LINEAR LINEAR LINEAR LINEAR LINEAR LINEAR
LINEAR LINEAR LINEAR LINEAR LINEAR LINEAR LINEAR LINEAR LINEAR LINEAR LINEAR LINEAR
LINEAR LINEAR LINEAR LINEAR LINEAR LINEAR LINEAR LINEAR LINEAR LINEAR LINEAR LINEAR
LINEAR LINEAR LINEAR LINEAR LINEAR LINEAR LINEAR LINEAR LINEAR LINEAR LINEAR LINEAR
LINEAR</Name_array><technique_common><accessor source="#mixamorig_Spine1-Interpolations-array" count="60"><param type="name"/></accessor></technique_common></source><sampler id="mixamorig_Spine1-Matrix-animation-transform"><input semantic="INPUT" source="#mixamorig_Spine1-Matrix-animation-input"/><input semantic="OUTPUT" source="#mixamorig_Spine1-Matrix-animation-output-transform"/><input semantic="INTERPOLATION" source="#mixamorig_Spine1-Interpolations"/></sampler><channel source="#mixamorig_Spine1-Matrix-animation-transform" target="mixamorig_Spine1/matrix"/></animation>
    <animation id="mixamorig_Spine2-anim" name="mixamorig_Spine2"><source id="mixamorig_Spine2-Matrix-animation-input"><float_array id="mixamorig_Spine2-Matrix-animation-input-array" count="60">

0.000000 0.033333 0.066667 0.100000 0.133333 0.166667 0.200000 0.233333 0.266667 0.300000 0.333333 0.366667 0.400000 0.433333 0.466667 0.500000
0.533333 0.566667 0.600000 0.633333 0.666667 0.700000 0.733333 0.766667 0.800000 0.833333 0.866667 0.900000 0.933333 0.966667 1.000000 1.033333
1.066667 1.100000 1.133333 1.166667 1.200000 1.233333 1.266667 1.300000 1.333333 1.366667 1.400000 1.433333 1.466667 1.500000 1.533333 1.566667
1.600000 1.633333 1.666667 1.700000 1.733333 1.766667 1.800000 1.833333 1.866667 1.900000 1.933333 1.966667</float_array><technique_common><accessor source="#mixamorig_Spine2-Matrix-animation-input-array" count="60"><param name="TIME" type="float"/></accessor></technique_common></source><source id="mixamorig_Spine2-Matrix-animation-output-transform"><float_array id="mixamorig_Spine2-Matrix-animation-output-transform-array" count="960">

0.988172 -0.019429 -0.152113 -0.050500 0.013574 0.999130 -0.039438 12.654000 0.152747 0.036907 0.987576 -1.856100 0.000000 0.000000 0.000000 1.000000
0.989066 -0.017545 -0.146424 -0.050500 0.011870 0.999148 -0.039538 12.654000 0.146993 0.037367 0.988432 -1.856100 0.000000 0.000000 0.000000 1.000000
0.990882 -0.018466 -0.133463 -0.050500 0.013490 0.999183 -0.038097 12.654000 0.134058 0.035949 0.990321 -1.856100 0.000000 0.000000 0.000000 1.000000
0.993230 -0.018751 -0.114643 -0.050500 0.014709 0.999244 -0.035999 12.654000 0.115231 0.034069 0.992754 -1.856100 0.000000 0.000000 0.000000 1.000000
0.995656 -0.015183 -0.091866 -0.050500 0.011962 0.999298 -0.035514 12.654000 0.092341 0.034261 0.995138 -1.856100 0.000000 0.000000 0.000000 1.000000
0.997605 -0.006527 -0.068861 -0.050500 0.003792 0.999201 -0.039784 12.654000 0.069065 0.039427 0.996833 -1.856100 0.000000 0.000000 0.000000 1.000000
0.998761 0.006635 -0.049326 -0.050500 -0.009074 0.998739 -0.049385 12.654000 0.048936 0.049771 0.997561 -1.856100 0.000000 0.000000 0.000000 1.000000
0.999190 0.022064 -0.033654 -0.050500 -0.024079 0.997867 -0.060674 12.654000 0.032243 0.061435 0.997590 -1.856100 0.000000 0.000000 0.000000 1.000000
0.999133 0.036969 -0.019123 -0.050500 -0.038205 0.996892 -0.068895 12.654000 0.016516 0.069566 0.997441 -1.856100 0.000000 0.000000 0.000000 1.000000
0.998747 0.049918 -0.003548 -0.050500 -0.050044 0.996117 -0.072436 12.654000 -0.000081 0.072523 0.997367 -1.856100 0.000000 0.000000 0.000000 1.000000
0.998068 0.060905 0.012256 -0.050500 -0.059844 0.995489 -0.073628 12.654000 -0.016685 0.072752 0.997210 -1.856100 0.000000 0.000000 0.000000 1.000000
0.997181 0.070477 0.025747 -0.050500 -0.068352 0.994784 -0.075715 12.654000 -0.030949 0.073742 0.996797 -1.856100 0.000000 0.000000 0.000000 1.000000
0.996247 0.079092 0.035152 -0.050500 -0.076088 0.993900 -0.079837 12.654000 -0.041252 0.076863 0.996188 -1.856100 0.000000 0.000000 0.000000 1.000000
0.995424 0.086772 0.040016 -0.050500 -0.083111 0.992864 -0.085521 12.654000 -0.047151 0.081804 0.995532 -1.856100 0.000000 0.000000 0.000000 1.000000
0.994879 0.092561 0.040597 -0.050500 -0.088521 0.991815 -0.092014 12.654000 -0.048782 0.087949 0.994930 -1.856100 0.000000 0.000000 0.000000 1.000000
0.994763 0.094974 0.037757 -0.050500 -0.090884 0.990999 -0.098295 12.654000 -0.046753 0.094349 0.994441 -1.856100 0.000000 0.000000 0.000000 1.000000
0.995038 0.093935 0.032805 -0.050500 -0.090122 0.990597 -0.102936 12.654000 -0.042165 0.099469 0.994147 -1.856100 0.000000 0.000000 0.000000 1.000000
0.995376 0.092111 0.027237 -0.050500 -0.088805 0.990551 -0.104512 12.654000 -0.036606 0.101610 0.994151 -1.856100 0.000000 0.000000 0.000000 1.000000
0.995669 0.091042 0.018809 -0.050500 -0.088639 0.990706 -0.103177 12.654000 -0.028027 0.101063 0.994485 -1.856100 0.000000 0.000000 0.000000 1.000000
0.995932 0.089915 0.005903 -0.050500 -0.088886 0.991060 -0.099499 12.654000 -0.014797 0.098569 0.995020 -1.856100 0.000000 0.000000 0.000000 1.000000
0.996210 0.086206 -0.011564 -0.050500 -0.086918 0.991626 -0.095517 12.654000 0.003233 0.096161 0.995361 -1.856100 0.000000 0.000000 0.000000 1.000000
0.996360 0.078605 -0.032973 -0.050500 -0.081397 0.992217 -0.094232 12.654000 0.025309 0.096573 0.995004 -1.856100 0.000000 0.000000 0.000000 1.000000
0.996275 0.065228 -0.056400 -0.050500 -0.070529 0.992707 -0.097770 12.654000 0.049611 0.101384 0.993610 -1.856100 0.000000 0.000000 0.000000 1.000000
0.995847 0.045119 -0.079079 -0.050500 -0.053435 0.992885 -0.106413 12.654000 0.073715 0.110197 0.991172 -1.856100 0.000000 0.000000 0.000000 1.000000
0.994878 0.021092 -0.098855 -0.050500 -0.032892 0.992312 -0.119307 12.654000 0.095579 0.121948 0.987924 -1.856100 0.000000 0.000000 0.000000 1.000000
0.993482 -0.002473 -0.113967 -0.050500 -0.013065 0.990706 -0.135392 12.654000 0.113242 0.135998 0.984216 -1.856100 0.000000 0.000000 0.000000 1.000000
0.991813 -0.024711 -0.125288 -0.050500 0.005286 0.988203 -0.153058 12.654000 0.127592 0.151143 0.980243 -1.856100 0.000000 0.000000 0.000000 1.000000
0.989607 -0.046658 -0.136020 -0.050500 0.023026 0.985107 -0.170392 12.654000 0.141944 0.165489 0.975943 -1.856100 0.000000 0.000000 0.000000 1.000000
0.986870 -0.066902 -0.147007 -0.050500 0.038819 0.981746 -0.186194 12.654000 0.156780 0.178043 0.971453 -1.856100 0.000000 0.000000 0.000000 1.000000
0.984336 -0.083064 -0.155511 -0.050500 0.051052 0.978559 -0.199539 12.654000 0.168752 0.188474 0.967471 -1.856100 0.000000 0.000000 0.000000 1.000000
